1763375022477 1.0 875
1763375032347 1.0 875
1763375141246 2.0 1750
1763375151109 2.0 1750
1763375259871 3.0 2625
1763375269748 3.0 2625
1763375378691 4.0 3500
1763375388516 4.0 3500
1763375497631 5.0 4375
1763375507475 5.0 4375
1763375616094 6.0 5250
1763375625981 6.0 5250
1763375734709 7.0 6125
1763375744544 7.0 6125
1763375853443 8.0 7000
1763375863318 8.0 7000
1763375972048 9.0 7875
1763375981915 9.0 7875
1763376090698 10.0 8750
1763376100528 10.0 8750
1763376209282 11.0 9625
1763376219142 11.0 9625
1763376327869 12.0 10500
1763376337750 12.0 10500
1763376446477 13.0 11375
1763376456312 13.0 11375
1763376565283 14.0 12250
1763376575150 14.0 12250
1763376683814 15.0 13125
1763376693686 15.0 13125
1763376802526 16.0 14000
1763376812388 16.0 14000
1763376921307 17.0 14875
1763376931195 17.0 14875
1763377039830 18.0 15750
1763377049654 18.0 15750
1763377158549 19.0 16625
1763377168369 19.0 16625
1763377277135 20.0 17500
1763377287159 20.0 17500
1763377395922 21.0 18375
1763377405796 21.0 18375
1763377514469 22.0 19250
1763377524317 22.0 19250
1763377633352 23.0 20125
1763377643239 23.0 20125
1763377751914 24.0 21000
1763377761777 24.0 21000
1763377870508 25.0 21875
1763377880397 25.0 21875
1763377989248 26.0 22750
1763377999114 26.0 22750
1763378107854 27.0 23625
1763378117716 27.0 23625
1763378226494 28.0 24500
1763378236302 28.0 24500
1763378345291 29.0 25375
1763378355153 29.0 25375
1763378463980 30.0 26250
1763378473855 30.0 26250
1763378582724 31.0 27125
1763378592558 31.0 27125
1763378701393 32.0 28000
1763378711313 32.0 28000
1763378820075 33.0 28875
1763378829949 33.0 28875
1763378938918 34.0 29750
1763378948839 34.0 29750
1763379057742 35.0 30625
1763379067632 35.0 30625
1763379176315 36.0 31500
1763379186199 36.0 31500
1763379294948 37.0 32375
1763379304813 37.0 32375
1763379413834 38.0 33250
1763379423690 38.0 33250
1763379532339 39.0 34125
1763379542219 39.0 34125
1763379651227 40.0 35000
1763379661104 40.0 35000
1763379770016 41.0 35875
1763379779915 41.0 35875
1763379889119 42.0 36750
1763379898995 42.0 36750
1763380007947 43.0 37625
1763380017796 43.0 37625
1763380126548 44.0 38500
1763380136435 44.0 38500
1763380245197 45.0 39375
1763380255056 45.0 39375
1763380363899 46.0 40250
1763380373795 46.0 40250
1763380482525 47.0 41125
1763380492405 47.0 41125
1763380601007 48.0 42000
1763380610883 48.0 42000
1763380719679 49.0 42875
1763380729565 49.0 42875
1763380838403 50.0 43750
1763380848274 50.0 43750
1763380848457 50.0 43750
