1763375022477 16.846643447875977 875
1763375141246 11.992522239685059 1750
1763375259871 7.098931789398193 2625
1763375378691 4.37061882019043 3500
1763375497631 6.737969398498535 4375
1763375616094 4.6260223388671875 5250
1763375734709 2.1754913330078125 6125
1763375853443 2.5958619117736816 7000
1763375972048 2.037137269973755 7875
1763376090698 2.6990628242492676 8750
1763376209282 5.619905948638916 9625
1763376327869 3.097346305847168 10500
1763376446477 3.911208391189575 11375
1763376565283 6.092997074127197 12250
1763376683814 7.846256732940674 13125
1763376802526 4.915233612060547 14000
1763376921307 4.973008155822754 14875
1763377039830 8.340388298034668 15750
1763377158549 15.522144317626953 16625
1763377277135 19.034807205200195 17500
1763377395922 9.756501197814941 18375
1763377514469 19.764846801757812 19250
1763377633352 20.13081169128418 20125
1763377751914 16.284656524658203 21000
1763377870508 28.247615814208984 21875
1763377989248 12.635732650756836 22750
1763378107854 22.791410446166992 23625
1763378226494 29.519075393676758 24500
1763378345291 23.811182022094727 25375
1763378463980 28.612524032592773 26250
1763378582724 22.00511360168457 27125
1763378701393 9.034466743469238 28000
1763378820075 40.06272506713867 28875
1763378938918 36.61787033081055 29750
1763379057742 19.979154586791992 30625
1763379176315 31.431259155273438 31500
1763379294948 38.07599639892578 32375
1763379413834 34.81671142578125 33250
1763379532339 20.23383903503418 34125
1763379651227 37.1873779296875 35000
1763379770016 31.496917724609375 35875
1763379889119 44.48636245727539 36750
1763380007947 43.4920654296875 37625
1763380126548 41.31489944458008 38500
1763380245197 36.76509094238281 39375
1763380363899 16.03732681274414 40250
1763380482525 11.79383659362793 41125
1763380601007 22.494558334350586 42000
1763380719679 10.579461097717285 42875
1763380838403 10.263777732849121 43750
