1763375022477 0.09800228571428572 875
1763375141246 0.09600228571428572 1750
1763375259871 0.09400228571428572 2625
1763375378691 0.09200228571428572 3500
1763375497631 0.09000228571428572 4375
1763375616094 0.08800228571428571 5250
1763375734709 0.08600228571428571 6125
1763375853443 0.08400228571428572 7000
1763375972048 0.08200228571428572 7875
1763376090698 0.08000228571428572 8750
1763376209282 0.07800228571428572 9625
1763376327869 0.07600228571428572 10500
1763376446477 0.07400228571428571 11375
1763376565283 0.07200228571428573 12250
1763376683814 0.07000228571428573 13125
1763376802526 0.06800228571428572 14000
1763376921307 0.06600228571428572 14875
1763377039830 0.06400228571428572 15750
1763377158549 0.06200228571428571 16625
1763377277135 0.06000228571428572 17500
1763377395922 0.05800228571428572 18375
1763377514469 0.05600228571428572 19250
1763377633352 0.05400228571428572 20125
1763377751914 0.052002285714285716 21000
1763377870508 0.050002285714285714 21875
1763377989248 0.04800228571428572 22750
1763378107854 0.04600228571428572 23625
1763378226494 0.044002285714285716 24500
1763378345291 0.042002285714285714 25375
1763378463980 0.04000228571428571 26250
1763378582724 0.03800228571428572 27125
1763378701393 0.036002285714285716 28000
1763378820075 0.034002285714285714 28875
1763378938918 0.03200228571428572 29750
1763379057742 0.030002285714285717 30625
1763379176315 0.028002285714285716 31500
1763379294948 0.026002285714285717 32375
1763379413834 0.024002285714285716 33250
1763379532339 0.022002285714285714 34125
1763379651227 0.020002285714285716 35000
1763379770016 0.018002285714285717 35875
1763379889119 0.016002285714285715 36750
1763380007947 0.014002285714285715 37625
1763380126548 0.012002285714285715 38500
1763380245197 0.010002285714285715 39375
1763380363899 0.008002285714285715 40250
1763380482525 0.006002285714285714 41125
1763380601007 0.004002285714285714 42000
1763380719679 0.0020022857142857147 42875
1763380838403 2.285714285714286e-06 43750
