1763375022477 0.9747 875
1763375141246 0.8568 1750
1763375259871 0.8041 2625
1763375378691 0.7663 3500
1763375497631 0.7876 4375
1763375616094 0.7701 5250
1763375734709 0.765 6125
1763375853443 0.8385 7000
1763375972048 0.8024 7875
1763376090698 0.8314 8750
1763376209282 0.8781 9625
1763376327869 0.8947 10500
1763376446477 0.8997 11375
1763376565283 0.9997 12250
1763376683814 1.0442 13125
1763376802526 1.0126 14000
1763376921307 1.0377 14875
1763377039830 1.1288 15750
1763377158549 1.253 16625
1763377277135 1.3516 17500
1763377395922 1.2322 18375
1763377514469 1.3317 19250
1763377633352 1.2813 20125
1763377751914 1.3861 21000
1763377870508 1.4509 21875
1763377989248 1.3544 22750
1763378107854 1.4574 23625
1763378226494 1.3979 24500
1763378345291 1.5887 25375
1763378463980 1.4195 26250
1763378582724 1.349 27125
1763378701393 1.3292 28000
1763378820075 1.4241 28875
1763378938918 1.3464 29750
1763379057742 1.3349 30625
1763379176315 1.2443 31500
1763379294948 1.2637 32375
1763379413834 1.2742 33250
1763379532339 1.2616 34125
1763379651227 1.2328 35000
1763379770016 1.2003 35875
1763379889119 1.1619 36750
1763380007947 1.081 37625
1763380126548 1.142 38500
1763380245197 1.2272 39375
1763380363899 1.1196 40250
1763380482525 1.0839 41125
1763380601007 1.038 42000
1763380719679 0.9326 42875
1763380838403 0.9303 43750
