1763369026538 1.0 875
1763369036390 1.0 875
1763369145304 2.0 1750
1763369155346 2.0 1750
1763369263988 3.0 2625
1763369273808 3.0 2625
1763369382933 4.0 3500
1763369392771 4.0 3500
1763369501759 5.0 4375
1763369511612 5.0 4375
1763369620266 6.0 5250
1763369630092 6.0 5250
1763369738966 7.0 6125
1763369748896 7.0 6125
1763369857737 8.0 7000
1763369867646 8.0 7000
1763369976675 9.0 7875
1763369986673 9.0 7875
1763370095525 10.0 8750
1763370105370 10.0 8750
1763370214194 11.0 9625
1763370224065 11.0 9625
1763370332836 12.0 10500
1763370342695 12.0 10500
1763370451673 13.0 11375
1763370461534 13.0 11375
1763370570638 14.0 12250
1763370580481 14.0 12250
1763370689272 15.0 13125
1763370699141 15.0 13125
1763370808108 16.0 14000
1763370817963 16.0 14000
1763370926819 17.0 14875
1763370936686 17.0 14875
1763371045543 18.0 15750
1763371055431 18.0 15750
1763371164454 19.0 16625
1763371174342 19.0 16625
1763371283421 20.0 17500
1763371293299 20.0 17500
1763371402002 21.0 18375
1763371411863 21.0 18375
1763371520883 22.0 19250
1763371530799 22.0 19250
1763371639672 23.0 20125
1763371649536 23.0 20125
1763371758404 24.0 21000
1763371768261 24.0 21000
1763371877290 25.0 21875
1763371887096 25.0 21875
1763371995894 26.0 22750
1763372005771 26.0 22750
1763372114429 27.0 23625
1763372124324 27.0 23625
1763372233266 28.0 24500
1763372243135 28.0 24500
1763372352082 29.0 25375
1763372361937 29.0 25375
1763372470654 30.0 26250
1763372480502 30.0 26250
1763372589300 31.0 27125
1763372599074 31.0 27125
1763372707947 32.0 28000
1763372717832 32.0 28000
1763372826666 33.0 28875
1763372836499 33.0 28875
1763372945605 34.0 29750
1763372955539 34.0 29750
1763373064637 35.0 30625
1763373074504 35.0 30625
1763373183215 36.0 31500
1763373193097 36.0 31500
1763373302262 37.0 32375
1763373312098 37.0 32375
1763373420970 38.0 33250
1763373430866 38.0 33250
1763373539649 39.0 34125
1763373549670 39.0 34125
1763373658741 40.0 35000
1763373668782 40.0 35000
1763373777607 41.0 35875
1763373787478 41.0 35875
1763373896227 42.0 36750
1763373906094 42.0 36750
1763374014895 43.0 37625
1763374024779 43.0 37625
1763374133659 44.0 38500
1763374143583 44.0 38500
1763374252359 45.0 39375
1763374262277 45.0 39375
1763374371088 46.0 40250
1763374380919 46.0 40250
1763374489823 47.0 41125
1763374499690 47.0 41125
1763374608466 48.0 42000
1763374618337 48.0 42000
1763374727280 49.0 42875
1763374737104 49.0 42875
1763374846090 50.0 43750
1763374856079 50.0 43750
1763374856261 50.0 43750
