1763369026538 13.019752502441406 875
1763369145304 6.2097883224487305 1750
1763369263988 6.565974712371826 2625
1763369382933 4.9392218589782715 3500
1763369501759 3.402554750442505 4375
1763369620266 2.392578363418579 5250
1763369738966 3.3356828689575195 6125
1763369857737 3.5166516304016113 7000
1763369976675 4.592868328094482 7875
1763370095525 8.200530052185059 8750
1763370214194 9.961483001708984 9625
1763370332836 4.416633605957031 10500
1763370451673 6.305056095123291 11375
1763370570638 8.177525520324707 12250
1763370689272 4.023680210113525 13125
1763370808108 16.183061599731445 14000
1763370926819 7.869537830352783 14875
1763371045543 5.461767673492432 15750
1763371164454 32.24983596801758 16625
1763371283421 9.314240455627441 17500
1763371402002 24.631141662597656 18375
1763371520883 22.636890411376953 19250
1763371639672 17.728118896484375 20125
1763371758404 19.962207794189453 21000
1763371877290 36.26694107055664 21875
1763371995894 29.948692321777344 22750
1763372114429 15.255023002624512 23625
1763372233266 18.391586303710938 24500
1763372352082 25.883209228515625 25375
1763372470654 24.789581298828125 26250
1763372589300 28.393417358398438 27125
1763372707947 39.626373291015625 28000
1763372826666 52.380455017089844 28875
1763372945605 52.603458404541016 29750
1763373064637 29.522188186645508 30625
1763373183215 55.7819938659668 31500
1763373302262 20.444255828857422 32375
1763373420970 34.637962341308594 33250
1763373539649 22.969974517822266 34125
1763373658741 16.25691032409668 35000
1763373777607 19.265344619750977 35875
1763373896227 32.36704635620117 36750
1763374014895 22.7205867767334 37625
1763374133659 42.02286911010742 38500
1763374252359 50.335777282714844 39375
1763374371088 22.567995071411133 40250
1763374489823 15.165606498718262 41125
1763374608466 21.28550148010254 42000
1763374727280 11.874326705932617 42875
1763374846090 12.866533279418945 43750
