1763369026538 0.09800228571428572 875
1763369145304 0.09600228571428572 1750
1763369263988 0.09400228571428572 2625
1763369382933 0.09200228571428572 3500
1763369501759 0.09000228571428572 4375
1763369620266 0.08800228571428571 5250
1763369738966 0.08600228571428571 6125
1763369857737 0.08400228571428572 7000
1763369976675 0.08200228571428572 7875
1763370095525 0.08000228571428572 8750
1763370214194 0.07800228571428572 9625
1763370332836 0.07600228571428572 10500
1763370451673 0.07400228571428571 11375
1763370570638 0.07200228571428573 12250
1763370689272 0.07000228571428573 13125
1763370808108 0.06800228571428572 14000
1763370926819 0.06600228571428572 14875
1763371045543 0.06400228571428572 15750
1763371164454 0.06200228571428571 16625
1763371283421 0.06000228571428572 17500
1763371402002 0.05800228571428572 18375
1763371520883 0.05600228571428572 19250
1763371639672 0.05400228571428572 20125
1763371758404 0.052002285714285716 21000
1763371877290 0.050002285714285714 21875
1763371995894 0.04800228571428572 22750
1763372114429 0.04600228571428572 23625
1763372233266 0.044002285714285716 24500
1763372352082 0.042002285714285714 25375
1763372470654 0.04000228571428571 26250
1763372589300 0.03800228571428572 27125
1763372707947 0.036002285714285716 28000
1763372826666 0.034002285714285714 28875
1763372945605 0.03200228571428572 29750
1763373064637 0.030002285714285717 30625
1763373183215 0.028002285714285716 31500
1763373302262 0.026002285714285717 32375
1763373420970 0.024002285714285716 33250
1763373539649 0.022002285714285714 34125
1763373658741 0.020002285714285716 35000
1763373777607 0.018002285714285717 35875
1763373896227 0.016002285714285715 36750
1763374014895 0.014002285714285715 37625
1763374133659 0.012002285714285715 38500
1763374252359 0.010002285714285715 39375
1763374371088 0.008002285714285715 40250
1763374489823 0.006002285714285714 41125
1763374608466 0.004002285714285714 42000
1763374727280 0.0020022857142857147 42875
1763374846090 2.285714285714286e-06 43750
