1763369026538 0.9412 875
1763369145304 0.7835 1750
1763369263988 0.659 2625
1763369382933 0.6581 3500
1763369501759 0.7374 4375
1763369620266 0.8178 5250
1763369738966 1.0096 6125
1763369857737 1.2429 7000
1763369976675 1.2484 7875
1763370095525 1.2328 8750
1763370214194 1.2303 9625
1763370332836 1.3136 10500
1763370451673 1.4205 11375
1763370570638 1.5321 12250
1763370689272 1.6415 13125
1763370808108 1.6853 14000
1763370926819 1.8269 14875
1763371045543 1.953 15750
1763371164454 2.0641 16625
1763371283421 2.1641 17500
1763371402002 2.2481 18375
1763371520883 2.4323 19250
1763371639672 2.641 20125
1763371758404 2.7045 21000
1763371877290 3.0864 21875
1763371995894 2.8547 22750
1763372114429 2.8062 23625
1763372233266 3.0321 24500
1763372352082 3.1152 25375
1763372470654 3.096 26250
1763372589300 3.1162 27125
1763372707947 3.1076 28000
1763372826666 3.0483 28875
1763372945605 3.1919 29750
1763373064637 3.2733 30625
1763373183215 3.2481 31500
1763373302262 3.2862 32375
1763373420970 3.3012 33250
1763373539649 3.2719 34125
1763373658741 3.2076 35000
1763373777607 3.1306 35875
1763373896227 3.1342 36750
1763374014895 3.0884 37625
1763374133659 2.917 38500
1763374252359 2.8723 39375
1763374371088 2.6463 40250
1763374489823 2.5512 41125
1763374608466 2.4357 42000
1763374727280 2.4016 42875
1763374846090 2.3169 43750
