1763501385989 1.0 657
1763501393078 1.0 657
1763501475119 2.0 1314
1763501482219 2.0 1314
1763501565106 3.0 1971
1763501572587 3.0 1971
1763501655935 4.0 2628
1763501663139 4.0 2628
1763501744715 5.0 3285
1763501752230 5.0 3285
1763501835180 6.0 3942
1763501842436 6.0 3942
1763501922858 7.0 4599
1763501929772 7.0 4599
1763502009241 8.0 5256
1763502015847 8.0 5256
1763502091827 9.0 5913
1763502098327 9.0 5913
1763502176298 10.0 6570
1763502183562 10.0 6570
1763502264067 11.0 7227
1763502271019 11.0 7227
1763502351677 12.0 7884
1763502358503 12.0 7884
1763502439282 13.0 8541
1763502446450 13.0 8541
1763502537203 14.0 9198
1763502546385 14.0 9198
1763502641291 15.0 9855
1763502650690 15.0 9855
1763502746772 16.0 10512
1763502756170 16.0 10512
1763502850013 17.0 11169
1763502858506 17.0 11169
1763502951409 18.0 11826
1763502960609 18.0 11826
1763503053736 19.0 12483
1763503062514 19.0 12483
1763503157868 20.0 13140
1763503166641 20.0 13140
1763503259938 21.0 13797
1763503268775 21.0 13797
1763503362576 22.0 14454
1763503371374 22.0 14454
1763503465412 23.0 15111
1763503474218 23.0 15111
1763503568155 24.0 15768
1763503577191 24.0 15768
1763503671139 25.0 16425
1763503679792 25.0 16425
1763503774303 26.0 17082
1763503782898 26.0 17082
1763503877933 27.0 17739
1763503886607 27.0 17739
1763503980775 28.0 18396
1763503989621 28.0 18396
1763504079036 29.0 19053
1763504087148 29.0 19053
1763504176229 30.0 19710
1763504184628 30.0 19710
1763504274186 31.0 20367
1763504282382 31.0 20367
1763504369149 32.0 21024
1763504377763 32.0 21024
1763504475012 33.0 21681
1763504483564 33.0 21681
1763504578487 34.0 22338
1763504587074 34.0 22338
1763504677245 35.0 22995
1763504685589 35.0 22995
1763504778723 36.0 23652
1763504786892 36.0 23652
1763504879500 37.0 24309
1763504887964 37.0 24309
1763504978622 38.0 24966
1763504987196 38.0 24966
1763505076192 39.0 25623
1763505084300 39.0 25623
1763505174110 40.0 26280
1763505182276 40.0 26280
1763505271979 41.0 26937
1763505280104 41.0 26937
1763505369683 42.0 27594
1763505377889 42.0 27594
1763505468422 43.0 28251
1763505476785 43.0 28251
1763505566462 44.0 28908
1763505574636 44.0 28908
1763505664572 45.0 29565
1763505673223 45.0 29565
1763505763908 46.0 30222
1763505772439 46.0 30222
1763505864152 47.0 30879
1763505872372 47.0 30879
1763505961923 48.0 31536
1763505970050 48.0 31536
1763506060663 49.0 32193
1763506068876 49.0 32193
1763506158390 50.0 32850
1763506166499 50.0 32850
1763506166710 50.0 32850
