1763501385989 5.404971599578857 657
1763501475119 11.976003646850586 1314
1763501565106 2.1460702419281006 1971
1763501655935 4.314571380615234 2628
1763501744715 39.03324890136719 3285
1763501835180 4.127556800842285 3942
1763501922858 20.181900024414062 4599
1763502009241 6.577023029327393 5256
1763502091827 10.326594352722168 5913
1763502176298 5.708634853363037 6570
1763502264067 11.348637580871582 7227
1763502351677 13.928487777709961 7884
1763502439282 8.718446731567383 8541
1763502537203 9.723464965820312 9198
1763502641291 26.17205238342285 9855
1763502746772 21.660419464111328 10512
1763502850013 2.3438656330108643 11169
1763502951409 32.846710205078125 11826
1763503053736 13.17872142791748 12483
1763503157868 18.42409896850586 13140
1763503259938 32.14716339111328 13797
1763503362576 9.151732444763184 14454
1763503465412 25.818511962890625 15111
1763503568155 59.26701354980469 15768
1763503671139 56.08242416381836 16425
1763503774303 32.10075378417969 17082
1763503877933 108.55940246582031 17739
1763503980775 78.66554260253906 18396
1763504079036 63.418739318847656 19053
1763504176229 78.25199127197266 19710
1763504274186 53.006736755371094 20367
1763504369149 32.6759033203125 21024
1763504475012 48.861419677734375 21681
1763504578487 27.397777557373047 22338
1763504677245 57.53486633300781 22995
1763504778723 30.400829315185547 23652
1763504879500 33.79423904418945 24309
1763504978622 22.495962142944336 24966
1763505076192 30.490760803222656 25623
1763505174110 60.97990417480469 26280
1763505271979 49.757450103759766 26937
1763505369683 37.685489654541016 27594
1763505468422 82.0458755493164 28251
1763505566462 72.34530639648438 28908
1763505664572 28.35312271118164 29565
1763505763908 83.10868072509766 30222
1763505864152 62.63367462158203 30879
1763505961923 66.08025360107422 31536
1763506060663 28.924863815307617 32193
1763506158390 65.64176177978516 32850
