1763501385989 0.09800304414003044 657
1763501475119 0.09600304414003046 1314
1763501565106 0.09400304414003045 1971
1763501655935 0.09200304414003045 2628
1763501744715 0.09000304414003045 3285
1763501835180 0.08800304414003045 3942
1763501922858 0.08600304414003045 4599
1763502009241 0.08400304414003044 5256
1763502091827 0.08200304414003046 5913
1763502176298 0.08000304414003045 6570
1763502264067 0.07800304414003045 7227
1763502351677 0.07600304414003045 7884
1763502439282 0.07400304414003044 8541
1763502537203 0.07200304414003043 9198
1763502641291 0.07000304414003045 9855
1763502746772 0.06800304414003044 10512
1763502850013 0.06600304414003044 11169
1763502951409 0.06400304414003044 11826
1763503053736 0.06200304414003044 12483
1763503157868 0.06000304414003044 13140
1763503259938 0.05800304414003045 13797
1763503362576 0.05600304414003045 14454
1763503465412 0.054003044140030446 15111
1763503568155 0.052003044140030444 15768
1763503671139 0.05000304414003044 16425
1763503774303 0.04800304414003045 17082
1763503877933 0.046003044140030445 17739
1763503980775 0.044003044140030444 18396
1763504079036 0.04200304414003045 19053
1763504176229 0.04000304414003045 19710
1763504274186 0.038003044140030445 20367
1763504369149 0.036003044140030444 21024
1763504475012 0.03400304414003044 21681
1763504578487 0.03200304414003044 22338
1763504677245 0.030003044140030445 22995
1763504778723 0.028003044140030443 23652
1763504879500 0.02600304414003044 24309
1763504978622 0.024003044140030443 24966
1763505076192 0.022003044140030445 25623
1763505174110 0.020003044140030443 26280
1763505271979 0.01800304414003044 26937
1763505369683 0.016003044140030443 27594
1763505468422 0.014003044140030441 28251
1763505566462 0.012003044140030443 28908
1763505664572 0.010003044140030441 29565
1763505763908 0.008003044140030441 30222
1763505864152 0.006003044140030441 30879
1763505961923 0.004003044140030442 31536
1763506060663 0.0020030441400304415 32193
1763506158390 3.0441400304414002e-06 32850
