1763501385989 1.0576 657
1763501475119 1.1809 1314
1763501565106 1.3149 1971
1763501655935 1.4456 2628
1763501744715 1.5098 3285
1763501835180 1.7276 3942
1763501922858 1.8595 4599
1763502009241 1.8531 5256
1763502091827 2.1172 5913
1763502176298 2.4844 6570
1763502264067 2.7265 7227
1763502351677 2.9753 7884
1763502439282 3.1042 8541
1763502537203 3.2292 9198
1763502641291 3.4829 9855
1763502746772 3.581 10512
1763502850013 3.8544 11169
1763502951409 3.989 11826
1763503053736 4.1161 12483
1763503157868 4.1764 13140
1763503259938 4.1089 13797
1763503362576 4.2707 14454
1763503465412 4.7105 15111
1763503568155 5.0208 15768
1763503671139 5.2028 16425
1763503774303 5.2443 17082
1763503877933 5.0936 17739
1763503980775 5.2972 18396
1763504079036 5.4314 19053
1763504176229 5.2961 19710
1763504274186 5.425 20367
1763504369149 5.4923 21024
1763504475012 5.7003 21681
1763504578487 5.6658 22338
1763504677245 5.8191 22995
1763504778723 5.8655 23652
1763504879500 6.0673 24309
1763504978622 5.9999 24966
1763505076192 6.0767 25623
1763505174110 6.2369 26280
1763505271979 6.322 26937
1763505369683 6.2893 27594
1763505468422 6.2552 28251
1763505566462 6.1969 28908
1763505664572 6.0451 29565
1763505763908 5.8948 30222
1763505864152 5.798 30879
1763505961923 5.5815 31536
1763506060663 5.4886 32193
1763506158390 5.3424 32850
