1763452389985 1.0 657
1763452397306 1.0 657
1763452477581 2.0 1314
1763452484789 2.0 1314
1763452565120 3.0 1971
1763452572344 3.0 1971
1763452652690 4.0 2628
1763452659905 4.0 2628
1763452740411 5.0 3285
1763452747672 5.0 3285
1763452828068 6.0 3942
1763452835329 6.0 3942
1763452915698 7.0 4599
1763452922944 7.0 4599
1763453003491 8.0 5256
1763453010752 8.0 5256
1763453091184 9.0 5913
1763453098437 9.0 5913
1763453178939 10.0 6570
1763453186186 10.0 6570
1763453266455 11.0 7227
1763453273686 11.0 7227
1763453356007 12.0 7884
1763453363241 12.0 7884
1763453443564 13.0 8541
1763453450875 13.0 8541
1763453531271 14.0 9198
1763453538480 14.0 9198
1763453618895 15.0 9855
1763453626102 15.0 9855
1763453706417 16.0 10512
1763453713640 16.0 10512
1763453794098 17.0 11169
1763453801324 17.0 11169
1763453881750 18.0 11826
1763453889012 18.0 11826
1763453969434 19.0 12483
1763453976646 19.0 12483
1763454057116 20.0 13140
1763454064382 20.0 13140
1763454144747 21.0 13797
1763454151960 21.0 13797
1763454232364 22.0 14454
1763454239606 22.0 14454
1763454319901 23.0 15111
1763454327134 23.0 15111
1763454407544 24.0 15768
1763454414760 24.0 15768
1763454495111 25.0 16425
1763454502327 25.0 16425
1763454582793 26.0 17082
1763454590014 26.0 17082
1763454670479 27.0 17739
1763454677740 27.0 17739
1763454758295 28.0 18396
1763454765510 28.0 18396
1763454845812 29.0 19053
1763454853037 29.0 19053
1763454933402 30.0 19710
1763454940666 30.0 19710
1763455021078 31.0 20367
1763455028312 31.0 20367
1763455108634 32.0 21024
1763455116006 32.0 21024
1763455196368 33.0 21681
1763455203615 33.0 21681
1763455284283 34.0 22338
1763455291519 34.0 22338
1763455371840 35.0 22995
1763455379074 35.0 22995
1763455459381 36.0 23652
1763455466617 36.0 23652
1763455546964 37.0 24309
1763455554241 37.0 24309
1763455634657 38.0 24966
1763455641879 38.0 24966
1763455722338 39.0 25623
1763455729580 39.0 25623
1763455809947 40.0 26280
1763455817186 40.0 26280
1763455897746 41.0 26937
1763455905017 41.0 26937
1763455985598 42.0 27594
1763455992832 42.0 27594
1763456073269 43.0 28251
1763456080480 43.0 28251
1763456160773 44.0 28908
1763456168035 44.0 28908
1763456248500 45.0 29565
1763456255718 45.0 29565
1763456336066 46.0 30222
1763456343404 46.0 30222
1763456423817 47.0 30879
1763456431044 47.0 30879
1763456511399 48.0 31536
1763456518652 48.0 31536
1763456599161 49.0 32193
1763456606396 49.0 32193
1763456686812 50.0 32850
1763456694038 50.0 32850
1763456694223 50.0 32850
