1763452389985 18.116649627685547 657
1763452477581 13.973655700683594 1314
1763452565120 22.260862350463867 1971
1763452652690 3.50400972366333 2628
1763452740411 7.262590408325195 3285
1763452828068 15.837616920471191 3942
1763452915698 7.162421703338623 4599
1763453003491 2.6313765048980713 5256
1763453091184 1.88845694065094 5913
1763453178939 4.766336917877197 6570
1763453266455 4.152192115783691 7227
1763453356007 12.311795234680176 7884
1763453443564 4.76259183883667 8541
1763453531271 10.974961280822754 9198
1763453618895 36.37608337402344 9855
1763453706417 19.42054557800293 10512
1763453794098 19.097179412841797 11169
1763453881750 4.943779945373535 11826
1763453969434 24.61273765563965 12483
1763454057116 16.495458602905273 13140
1763454144747 10.644810676574707 13797
1763454232364 13.028731346130371 14454
1763454319901 23.75764274597168 15111
1763454407544 48.95542526245117 15768
1763454495111 33.72209167480469 16425
1763454582793 15.325936317443848 17082
1763454670479 38.217689514160156 17739
1763454758295 57.79581832885742 18396
1763454845812 39.24949264526367 19053
1763454933402 68.95027923583984 19710
1763455021078 80.4800033569336 20367
1763455108634 33.12336349487305 21024
1763455196368 43.05887222290039 21681
1763455284283 56.29041290283203 22338
1763455371840 31.606849670410156 22995
1763455459381 53.66838455200195 23652
1763455546964 43.90629196166992 24309
1763455634657 19.306259155273438 24966
1763455722338 33.29758834838867 25623
1763455809947 98.25111389160156 26280
1763455897746 54.00428009033203 26937
1763455985598 34.92539978027344 27594
1763456073269 30.443708419799805 28251
1763456160773 35.741798400878906 28908
1763456248500 35.258235931396484 29565
1763456336066 20.240619659423828 30222
1763456423817 46.097286224365234 30879
1763456511399 41.41334533691406 31536
1763456599161 38.10395431518555 32193
1763456686812 45.26195526123047 32850
