1763452389985 0.09800304414003044 657
1763452477581 0.09600304414003046 1314
1763452565120 0.09400304414003045 1971
1763452652690 0.09200304414003045 2628
1763452740411 0.09000304414003045 3285
1763452828068 0.08800304414003045 3942
1763452915698 0.08600304414003045 4599
1763453003491 0.08400304414003044 5256
1763453091184 0.08200304414003046 5913
1763453178939 0.08000304414003045 6570
1763453266455 0.07800304414003045 7227
1763453356007 0.07600304414003045 7884
1763453443564 0.07400304414003044 8541
1763453531271 0.07200304414003043 9198
1763453618895 0.07000304414003045 9855
1763453706417 0.06800304414003044 10512
1763453794098 0.06600304414003044 11169
1763453881750 0.06400304414003044 11826
1763453969434 0.06200304414003044 12483
1763454057116 0.06000304414003044 13140
1763454144747 0.05800304414003045 13797
1763454232364 0.05600304414003045 14454
1763454319901 0.054003044140030446 15111
1763454407544 0.052003044140030444 15768
1763454495111 0.05000304414003044 16425
1763454582793 0.04800304414003045 17082
1763454670479 0.046003044140030445 17739
1763454758295 0.044003044140030444 18396
1763454845812 0.04200304414003045 19053
1763454933402 0.04000304414003045 19710
1763455021078 0.038003044140030445 20367
1763455108634 0.036003044140030444 21024
1763455196368 0.03400304414003044 21681
1763455284283 0.03200304414003044 22338
1763455371840 0.030003044140030445 22995
1763455459381 0.028003044140030443 23652
1763455546964 0.02600304414003044 24309
1763455634657 0.024003044140030443 24966
1763455722338 0.022003044140030445 25623
1763455809947 0.020003044140030443 26280
1763455897746 0.01800304414003044 26937
1763455985598 0.016003044140030443 27594
1763456073269 0.014003044140030441 28251
1763456160773 0.012003044140030443 28908
1763456248500 0.010003044140030441 29565
1763456336066 0.008003044140030441 30222
1763456423817 0.006003044140030441 30879
1763456511399 0.004003044140030442 31536
1763456599161 0.0020030441400304415 32193
1763456686812 3.0441400304414002e-06 32850
