1763452389985 0.9875 657
1763452477581 0.93 1314
1763452565120 0.9059 1971
1763452652690 0.8613 2628
1763452740411 0.8188 3285
1763452828068 0.8231 3942
1763452915698 0.8021 4599
1763453003491 0.8227 5256
1763453091184 0.8206 5913
1763453178939 0.8496 6570
1763453266455 0.8692 7227
1763453356007 0.8757 7884
1763453443564 0.9162 8541
1763453531271 0.9471 9198
1763453618895 0.9817 9855
1763453706417 1.119 10512
1763453794098 1.0935 11169
1763453881750 1.1342 11826
1763453969434 1.1466 12483
1763454057116 1.2109 13140
1763454144747 1.2365 13797
1763454232364 1.2446 14454
1763454319901 1.3899 15111
1763454407544 1.3525 15768
1763454495111 1.2614 16425
1763454582793 1.2822 17082
1763454670479 1.3922 17739
1763454758295 1.3971 18396
1763454845812 1.407 19053
1763454933402 1.3257 19710
1763455021078 1.2785 20367
1763455108634 1.2885 21024
1763455196368 1.2621 21681
1763455284283 1.2572 22338
1763455371840 1.278 22995
1763455459381 1.2297 23652
1763455546964 1.2636 24309
1763455634657 1.1873 24966
1763455722338 1.1286 25623
1763455809947 1.0839 26280
1763455897746 1.0818 26937
1763455985598 1.0002 27594
1763456073269 0.9492 28251
1763456160773 0.9508 28908
1763456248500 0.9216 29565
1763456336066 0.9413 30222
1763456423817 0.909 30879
1763456511399 0.9039 31536
1763456599161 0.8899 32193
1763456686812 0.8588 32850
