1763286590011 1.0 875
1763286600363 1.0 875
1763286711561 2.0 1750
1763286721724 2.0 1750
1763286832899 3.0 2625
1763286843160 3.0 2625
1763286954385 4.0 3500
1763286964766 4.0 3500
1763287075882 5.0 4375
1763287086130 5.0 4375
1763287197336 6.0 5250
1763287207661 6.0 5250
1763287318752 7.0 6125
1763287328992 7.0 6125
1763287440024 8.0 7000
1763287450282 8.0 7000
1763287561450 9.0 7875
1763287571708 9.0 7875
1763287682659 10.0 8750
1763287692918 10.0 8750
1763287804293 11.0 9625
1763287814551 11.0 9625
1763287925801 12.0 10500
1763287936050 12.0 10500
1763288047214 13.0 11375
1763288057464 13.0 11375
1763288168980 14.0 12250
1763288179177 14.0 12250
1763288290184 15.0 13125
1763288300440 15.0 13125
1763288411680 16.0 14000
1763288421858 16.0 14000
1763288532886 17.0 14875
1763288543113 17.0 14875
1763288654335 18.0 15750
1763288664567 18.0 15750
1763288775693 19.0 16625
1763288785922 19.0 16625
1763288896819 20.0 17500
1763288907058 20.0 17500
1763289018259 21.0 18375
1763289028491 21.0 18375
1763289139654 22.0 19250
1763289149941 22.0 19250
1763289261199 23.0 20125
1763289271410 23.0 20125
1763289382461 24.0 21000
1763289392686 24.0 21000
1763289503758 25.0 21875
1763289514012 25.0 21875
1763289625279 26.0 22750
1763289635528 26.0 22750
1763289746491 27.0 23625
1763289756750 27.0 23625
1763289868025 28.0 24500
1763289878227 28.0 24500
1763289989302 29.0 25375
1763289999516 29.0 25375
1763290110477 30.0 26250
1763290120700 30.0 26250
1763290232025 31.0 27125
1763290242231 31.0 27125
1763290353229 32.0 28000
1763290363484 32.0 28000
1763290474807 33.0 28875
1763290485041 33.0 28875
1763290596047 34.0 29750
1763290606301 34.0 29750
1763290717831 35.0 30625
1763290728091 35.0 30625
1763290839261 36.0 31500
1763290849523 36.0 31500
1763290960421 37.0 32375
1763290970818 37.0 32375
1763291081924 38.0 33250
1763291092161 38.0 33250
1763291203114 39.0 34125
1763291213372 39.0 34125
1763291324595 40.0 35000
1763291334835 40.0 35000
1763291446134 41.0 35875
1763291456369 41.0 35875
1763291567305 42.0 36750
1763291577525 42.0 36750
1763291688734 43.0 37625
1763291699006 43.0 37625
1763291810118 44.0 38500
1763291820359 44.0 38500
1763291931496 45.0 39375
1763291941745 45.0 39375
1763292052885 46.0 40250
1763292063126 46.0 40250
1763292174211 47.0 41125
1763292184501 47.0 41125
1763292295791 48.0 42000
1763292306038 48.0 42000
1763292417031 49.0 42875
1763292427274 49.0 42875
1763292538242 50.0 43750
1763292548583 50.0 43750
1763292548795 50.0 43750
