1763286590011 20.63983917236328 875
1763286711561 9.679792404174805 1750
1763286832899 6.546542167663574 2625
1763286954385 8.621391296386719 3500
1763287075882 7.178991317749023 4375
1763287197336 3.25089430809021 5250
1763287318752 10.673450469970703 6125
1763287440024 2.416227102279663 7000
1763287561450 9.08619213104248 7875
1763287682659 8.333980560302734 8750
1763287804293 9.418231010437012 9625
1763287925801 3.1212620735168457 10500
1763288047214 3.995657205581665 11375
1763288168980 3.354546546936035 12250
1763288290184 6.619081974029541 13125
1763288411680 27.12618637084961 14000
1763288532886 4.078221321105957 14875
1763288654335 12.272811889648438 15750
1763288775693 10.054494857788086 16625
1763288896819 7.812901496887207 17500
1763289018259 9.352392196655273 18375
1763289139654 11.8100004196167 19250
1763289261199 6.997231960296631 20125
1763289382461 13.613113403320312 21000
1763289503758 7.50172233581543 21875
1763289625279 18.977182388305664 22750
1763289746491 13.092974662780762 23625
1763289868025 10.974705696105957 24500
1763289989302 30.59660530090332 25375
1763290110477 28.3131160736084 26250
1763290232025 16.950706481933594 27125
1763290353229 16.88176155090332 28000
1763290474807 31.419498443603516 28875
1763290596047 29.118371963500977 29750
1763290717831 18.200456619262695 30625
1763290839261 20.717815399169922 31500
1763290960421 14.905838012695312 32375
1763291081924 23.66213607788086 33250
1763291203114 14.831174850463867 34125
1763291324595 13.267367362976074 35000
1763291446134 28.645082473754883 35875
1763291567305 13.520190238952637 36750
1763291688734 22.094255447387695 37625
1763291810118 20.884727478027344 38500
1763291931496 22.11699104309082 39375
1763292052885 10.592138290405273 40250
1763292174211 19.1844425201416 41125
1763292295791 15.01639175415039 42000
1763292417031 9.052631378173828 42875
1763292538242 10.026267051696777 43750
