1763286590011 0.09800228571428572 875
1763286711561 0.09600228571428572 1750
1763286832899 0.09400228571428572 2625
1763286954385 0.09200228571428572 3500
1763287075882 0.09000228571428572 4375
1763287197336 0.08800228571428571 5250
1763287318752 0.08600228571428571 6125
1763287440024 0.08400228571428572 7000
1763287561450 0.08200228571428572 7875
1763287682659 0.08000228571428572 8750
1763287804293 0.07800228571428572 9625
1763287925801 0.07600228571428572 10500
1763288047214 0.07400228571428571 11375
1763288168980 0.07200228571428573 12250
1763288290184 0.07000228571428573 13125
1763288411680 0.06800228571428572 14000
1763288532886 0.06600228571428572 14875
1763288654335 0.06400228571428572 15750
1763288775693 0.06200228571428571 16625
1763288896819 0.06000228571428572 17500
1763289018259 0.05800228571428572 18375
1763289139654 0.05600228571428572 19250
1763289261199 0.05400228571428572 20125
1763289382461 0.052002285714285716 21000
1763289503758 0.050002285714285714 21875
1763289625279 0.04800228571428572 22750
1763289746491 0.04600228571428572 23625
1763289868025 0.044002285714285716 24500
1763289989302 0.042002285714285714 25375
1763290110477 0.04000228571428571 26250
1763290232025 0.03800228571428572 27125
1763290353229 0.036002285714285716 28000
1763290474807 0.034002285714285714 28875
1763290596047 0.03200228571428572 29750
1763290717831 0.030002285714285717 30625
1763290839261 0.028002285714285716 31500
1763290960421 0.026002285714285717 32375
1763291081924 0.024002285714285716 33250
1763291203114 0.022002285714285714 34125
1763291324595 0.020002285714285716 35000
1763291446134 0.018002285714285717 35875
1763291567305 0.016002285714285715 36750
1763291688734 0.014002285714285715 37625
1763291810118 0.012002285714285715 38500
1763291931496 0.010002285714285715 39375
1763292052885 0.008002285714285715 40250
1763292174211 0.006002285714285714 41125
1763292295791 0.004002285714285714 42000
1763292417031 0.0020022857142857147 42875
1763292538242 2.285714285714286e-06 43750
