1763286590011 0.937 875
1763286711561 0.7701 1750
1763286832899 0.6907 2625
1763286954385 0.6249 3500
1763287075882 0.6056 4375
1763287197336 0.6625 5250
1763287318752 0.6732 6125
1763287440024 0.6659 7000
1763287561450 0.6636 7875
1763287682659 0.6636 8750
1763287804293 0.6633 9625
1763287925801 0.6623 10500
1763288047214 0.6703 11375
1763288168980 0.6733 12250
1763288290184 0.6842 13125
1763288411680 0.6985 14000
1763288532886 0.7052 14875
1763288654335 0.7201 15750
1763288775693 0.7392 16625
1763288896819 0.7453 17500
1763289018259 0.7576 18375
1763289139654 0.7731 19250
1763289261199 0.7902 20125
1763289382461 0.8016 21000
1763289503758 0.8019 21875
1763289625279 0.8096 22750
1763289746491 0.8117 23625
1763289868025 0.8205 24500
1763289989302 0.8189 25375
1763290110477 0.8115 26250
1763290232025 0.8154 27125
1763290353229 0.808 28000
1763290474807 0.7987 28875
1763290596047 0.7933 29750
1763290717831 0.7804 30625
1763290839261 0.7645 31500
1763290960421 0.7601 32375
1763291081924 0.7444 33250
1763291203114 0.7244 34125
1763291324595 0.7116 35000
1763291446134 0.6984 35875
1763291567305 0.6822 36750
1763291688734 0.6692 37625
1763291810118 0.6564 38500
1763291931496 0.6378 39375
1763292052885 0.6248 40250
1763292174211 0.6082 41125
1763292295791 0.5976 42000
1763292417031 0.5876 42875
1763292538242 0.5818 43750
