1763298842322 1.0 875
1763298852577 1.0 875
1763298963910 2.0 1750
1763298974153 2.0 1750
1763299085447 3.0 2625
1763299095701 3.0 2625
1763299207246 4.0 3500
1763299217523 4.0 3500
1763299328466 5.0 4375
1763299338698 5.0 4375
1763299449916 6.0 5250
1763299460145 6.0 5250
1763299571551 7.0 6125
1763299581758 7.0 6125
1763299692736 8.0 7000
1763299702987 8.0 7000
1763299814473 9.0 7875
1763299824711 9.0 7875
1763299935970 10.0 8750
1763299946186 10.0 8750
1763300057546 11.0 9625
1763300067773 11.0 9625
1763300179137 12.0 10500
1763300189377 12.0 10500
1763300300468 13.0 11375
1763300310657 13.0 11375
1763300422003 14.0 12250
1763300432221 14.0 12250
1763300543448 15.0 13125
1763300553704 15.0 13125
1763300664904 16.0 14000
1763300675158 16.0 14000
1763300786347 17.0 14875
1763300796571 17.0 14875
1763300907825 18.0 15750
1763300918160 18.0 15750
1763301029818 19.0 16625
1763301040234 19.0 16625
1763301151367 20.0 17500
1763301161614 20.0 17500
1763301272915 21.0 18375
1763301283161 21.0 18375
1763301394398 22.0 19250
1763301404649 22.0 19250
1763301515755 23.0 20125
1763301526026 23.0 20125
1763301637419 24.0 21000
1763301647668 24.0 21000
1763301758810 25.0 21875
1763301769061 25.0 21875
1763301880154 26.0 22750
1763301890405 26.0 22750
1763302001643 27.0 23625
1763302011835 27.0 23625
1763302122901 28.0 24500
1763302133634 28.0 24500
1763302244833 29.0 25375
1763302255106 29.0 25375
1763302366385 30.0 26250
1763302376768 30.0 26250
1763302487857 31.0 27125
1763302498212 31.0 27125
1763302609664 32.0 28000
1763302619934 32.0 28000
1763302731188 33.0 28875
1763302741452 33.0 28875
1763302852753 34.0 29750
1763302862995 34.0 29750
1763302974103 35.0 30625
1763302984344 35.0 30625
1763303095635 36.0 31500
1763303105887 36.0 31500
1763303217208 37.0 32375
1763303227447 37.0 32375
1763303338893 38.0 33250
1763303349244 38.0 33250
1763303460950 39.0 34125
1763303471174 39.0 34125
1763303582292 40.0 35000
1763303592539 40.0 35000
1763303703903 41.0 35875
1763303714178 41.0 35875
1763303825460 42.0 36750
1763303835721 42.0 36750
1763303947239 43.0 37625
1763303957470 43.0 37625
1763304068729 44.0 38500
1763304078975 44.0 38500
1763304190163 45.0 39375
1763304200381 45.0 39375
1763304312344 46.0 40250
1763304322570 46.0 40250
1763304433936 47.0 41125
1763304444237 47.0 41125
1763304555432 48.0 42000
1763304565698 48.0 42000
1763304677135 49.0 42875
1763304687361 49.0 42875
1763304798770 50.0 43750
1763304809011 50.0 43750
1763304809225 50.0 43750
