1763298842322 19.43372917175293 875
1763298963910 8.656411170959473 1750
1763299085447 5.622426509857178 2625
1763299207246 5.165621280670166 3500
1763299328466 8.11271858215332 4375
1763299449916 5.262292861938477 5250
1763299571551 3.278536796569824 6125
1763299692736 3.9384186267852783 7000
1763299814473 5.646742343902588 7875
1763299935970 3.092444896697998 8750
1763300057546 2.4530866146087646 9625
1763300179137 8.719747543334961 10500
1763300300468 5.197896480560303 11375
1763300422003 2.921722412109375 12250
1763300543448 6.587430477142334 13125
1763300664904 7.781430721282959 14000
1763300786347 6.338067054748535 14875
1763300907825 5.569363117218018 15750
1763301029818 9.190521240234375 16625
1763301151367 11.411016464233398 17500
1763301272915 9.565229415893555 18375
1763301394398 14.636423110961914 19250
1763301515755 9.18031120300293 20125
1763301637419 21.93091583251953 21000
1763301758810 17.356746673583984 21875
1763301880154 16.48773956298828 22750
1763302001643 19.597658157348633 23625
1763302122901 9.452713012695312 24500
1763302244833 21.932748794555664 25375
1763302366385 16.691137313842773 26250
1763302487857 13.883586883544922 27125
1763302609664 24.85601234436035 28000
1763302731188 22.00104331970215 28875
1763302852753 26.156333923339844 29750
1763302974103 18.191944122314453 30625
1763303095635 15.931846618652344 31500
1763303217208 12.290583610534668 32375
1763303338893 19.39396858215332 33250
1763303460950 18.420940399169922 34125
1763303582292 15.351794242858887 35000
1763303703903 24.947566986083984 35875
1763303825460 14.413902282714844 36750
1763303947239 11.75153923034668 37625
1763304068729 20.663740158081055 38500
1763304190163 35.23947525024414 39375
1763304312344 9.305069923400879 40250
1763304433936 16.041868209838867 41125
1763304555432 10.266315460205078 42000
1763304677135 17.298025131225586 42875
1763304798770 10.869770050048828 43750
