1763298842322 0.09800228571428572 875
1763298963910 0.09600228571428572 1750
1763299085447 0.09400228571428572 2625
1763299207246 0.09200228571428572 3500
1763299328466 0.09000228571428572 4375
1763299449916 0.08800228571428571 5250
1763299571551 0.08600228571428571 6125
1763299692736 0.08400228571428572 7000
1763299814473 0.08200228571428572 7875
1763299935970 0.08000228571428572 8750
1763300057546 0.07800228571428572 9625
1763300179137 0.07600228571428572 10500
1763300300468 0.07400228571428571 11375
1763300422003 0.07200228571428573 12250
1763300543448 0.07000228571428573 13125
1763300664904 0.06800228571428572 14000
1763300786347 0.06600228571428572 14875
1763300907825 0.06400228571428572 15750
1763301029818 0.06200228571428571 16625
1763301151367 0.06000228571428572 17500
1763301272915 0.05800228571428572 18375
1763301394398 0.05600228571428572 19250
1763301515755 0.05400228571428572 20125
1763301637419 0.052002285714285716 21000
1763301758810 0.050002285714285714 21875
1763301880154 0.04800228571428572 22750
1763302001643 0.04600228571428572 23625
1763302122901 0.044002285714285716 24500
1763302244833 0.042002285714285714 25375
1763302366385 0.04000228571428571 26250
1763302487857 0.03800228571428572 27125
1763302609664 0.036002285714285716 28000
1763302731188 0.034002285714285714 28875
1763302852753 0.03200228571428572 29750
1763302974103 0.030002285714285717 30625
1763303095635 0.028002285714285716 31500
1763303217208 0.026002285714285717 32375
1763303338893 0.024002285714285716 33250
1763303460950 0.022002285714285714 34125
1763303582292 0.020002285714285716 35000
1763303703903 0.018002285714285717 35875
1763303825460 0.016002285714285715 36750
1763303947239 0.014002285714285715 37625
1763304068729 0.012002285714285715 38500
1763304190163 0.010002285714285715 39375
1763304312344 0.008002285714285715 40250
1763304433936 0.006002285714285714 41125
1763304555432 0.004002285714285714 42000
1763304677135 0.0020022857142857147 42875
1763304798770 2.285714285714286e-06 43750
