1763298842322 0.9431 875
1763298963910 0.7409 1750
1763299085447 0.646 2625
1763299207246 0.6263 3500
1763299328466 0.6514 4375
1763299449916 0.6568 5250
1763299571551 0.646 6125
1763299692736 0.655 7000
1763299814473 0.651 7875
1763299935970 0.6537 8750
1763300057546 0.6553 9625
1763300179137 0.658 10500
1763300300468 0.6602 11375
1763300422003 0.6601 12250
1763300543448 0.67 13125
1763300664904 0.6781 14000
1763300786347 0.6957 14875
1763300907825 0.6985 15750
1763301029818 0.7158 16625
1763301151367 0.7317 17500
1763301272915 0.7358 18375
1763301394398 0.7501 19250
1763301515755 0.7686 20125
1763301637419 0.764 21000
1763301758810 0.7838 21875
1763301880154 0.7963 22750
1763302001643 0.7895 23625
1763302122901 0.7958 24500
1763302244833 0.7947 25375
1763302366385 0.7989 26250
1763302487857 0.7925 27125
1763302609664 0.7896 28000
1763302731188 0.7806 28875
1763302852753 0.7755 29750
1763302974103 0.7652 30625
1763303095635 0.742 31500
1763303217208 0.7284 32375
1763303338893 0.7211 33250
1763303460950 0.7068 34125
1763303582292 0.6879 35000
1763303703903 0.6733 35875
1763303825460 0.657 36750
1763303947239 0.6511 37625
1763304068729 0.6383 38500
1763304190163 0.6224 39375
1763304312344 0.6071 40250
1763304433936 0.5969 41125
1763304555432 0.588 42000
1763304677135 0.5812 42875
1763304798770 0.576 43750
