1763363034295 1.0 875
1763363044233 1.0 875
1763363153249 2.0 1750
1763363163057 2.0 1750
1763363271949 3.0 2625
1763363281883 3.0 2625
1763363390773 4.0 3500
1763363400656 4.0 3500
1763363509776 5.0 4375
1763363519660 5.0 4375
1763363628465 6.0 5250
1763363638396 6.0 5250
1763363747338 7.0 6125
1763363757198 7.0 6125
1763363866032 8.0 7000
1763363875895 8.0 7000
1763363984911 9.0 7875
1763363994802 9.0 7875
1763364103696 10.0 8750
1763364113574 10.0 8750
1763364222644 11.0 9625
1763364232521 11.0 9625
1763364341535 12.0 10500
1763364351407 12.0 10500
1763364460195 13.0 11375
1763364470065 13.0 11375
1763364579113 14.0 12250
1763364588968 14.0 12250
1763364697868 15.0 13125
1763364707761 15.0 13125
1763364816448 16.0 14000
1763364826332 16.0 14000
1763364935236 17.0 14875
1763364945085 17.0 14875
1763365053885 18.0 15750
1763365063810 18.0 15750
1763365172809 19.0 16625
1763365182700 19.0 16625
1763365291860 20.0 17500
1763365301697 20.0 17500
1763365410589 21.0 18375
1763365420511 21.0 18375
1763365529382 22.0 19250
1763365539358 22.0 19250
1763365648385 23.0 20125
1763365658241 23.0 20125
1763365767228 24.0 21000
1763365777116 24.0 21000
1763365885985 25.0 21875
1763365895845 25.0 21875
1763366004822 26.0 22750
1763366014706 26.0 22750
1763366123539 27.0 23625
1763366133423 27.0 23625
1763366242120 28.0 24500
1763366251992 28.0 24500
1763366361099 29.0 25375
1763366370986 29.0 25375
1763366479864 30.0 26250
1763366489739 30.0 26250
1763366598564 31.0 27125
1763366608430 31.0 27125
1763366717301 32.0 28000
1763366727232 32.0 28000
1763366836145 33.0 28875
1763366846136 33.0 28875
1763366954924 34.0 29750
1763366964773 34.0 29750
1763367073843 35.0 30625
1763367083736 35.0 30625
1763367192467 36.0 31500
1763367202360 36.0 31500
1763367311247 37.0 32375
1763367321136 37.0 32375
1763367430105 38.0 33250
1763367440018 38.0 33250
1763367548823 39.0 34125
1763367558756 39.0 34125
1763367667825 40.0 35000
1763367677750 40.0 35000
1763367786607 41.0 35875
1763367796491 41.0 35875
1763367905590 42.0 36750
1763367915569 42.0 36750
1763368024459 43.0 37625
1763368034274 43.0 37625
1763368143322 44.0 38500
1763368153277 44.0 38500
1763368262240 45.0 39375
1763368272129 45.0 39375
1763368381082 46.0 40250
1763368390936 46.0 40250
1763368499895 47.0 41125
1763368509783 47.0 41125
1763368618658 48.0 42000
1763368628543 48.0 42000
1763368737458 49.0 42875
1763368747387 49.0 42875
1763368856552 50.0 43750
1763368866421 50.0 43750
1763368866605 50.0 43750
