1763363034295 15.538631439208984 875
1763363153249 6.262006759643555 1750
1763363271949 4.606791019439697 2625
1763363390773 7.501572608947754 3500
1763363509776 14.25302505493164 4375
1763363628465 2.704029083251953 5250
1763363747338 10.539213180541992 6125
1763363866032 4.385982513427734 7000
1763363984911 3.5366592407226562 7875
1763364103696 7.084259510040283 8750
1763364222644 3.472384452819824 9625
1763364341535 7.353468894958496 10500
1763364460195 4.837613105773926 11375
1763364579113 7.378686904907227 12250
1763364697868 14.717620849609375 13125
1763364816448 18.776775360107422 14000
1763364935236 6.112085342407227 14875
1763365053885 14.795587539672852 15750
1763365172809 12.993823051452637 16625
1763365291860 7.705099582672119 17500
1763365410589 16.55268669128418 18375
1763365529382 16.734840393066406 19250
1763365648385 21.31635284423828 20125
1763365767228 33.971561431884766 21000
1763365885985 29.651695251464844 21875
1763366004822 42.00104522705078 22750
1763366123539 27.537561416625977 23625
1763366242120 16.372297286987305 24500
1763366361099 56.78969192504883 25375
1763366479864 45.704010009765625 26250
1763366598564 23.99986457824707 27125
1763366717301 19.847444534301758 28000
1763366836145 52.378883361816406 28875
1763366954924 12.004650115966797 29750
1763367073843 22.465381622314453 30625
1763367192467 20.777076721191406 31500
1763367311247 12.789734840393066 32375
1763367430105 20.23625946044922 33250
1763367548823 19.395751953125 34125
1763367667825 68.79208374023438 35000
1763367786607 27.497743606567383 35875
1763367905590 41.69197463989258 36750
1763368024459 29.972286224365234 37625
1763368143322 20.733139038085938 38500
1763368262240 11.032419204711914 39375
1763368381082 18.947784423828125 40250
1763368499895 39.70170593261719 41125
1763368618658 18.55813217163086 42000
1763368737458 27.791330337524414 42875
1763368856552 15.641146659851074 43750
