1763363034295 0.09800228571428572 875
1763363153249 0.09600228571428572 1750
1763363271949 0.09400228571428572 2625
1763363390773 0.09200228571428572 3500
1763363509776 0.09000228571428572 4375
1763363628465 0.08800228571428571 5250
1763363747338 0.08600228571428571 6125
1763363866032 0.08400228571428572 7000
1763363984911 0.08200228571428572 7875
1763364103696 0.08000228571428572 8750
1763364222644 0.07800228571428572 9625
1763364341535 0.07600228571428572 10500
1763364460195 0.07400228571428571 11375
1763364579113 0.07200228571428573 12250
1763364697868 0.07000228571428573 13125
1763364816448 0.06800228571428572 14000
1763364935236 0.06600228571428572 14875
1763365053885 0.06400228571428572 15750
1763365172809 0.06200228571428571 16625
1763365291860 0.06000228571428572 17500
1763365410589 0.05800228571428572 18375
1763365529382 0.05600228571428572 19250
1763365648385 0.05400228571428572 20125
1763365767228 0.052002285714285716 21000
1763365885985 0.050002285714285714 21875
1763366004822 0.04800228571428572 22750
1763366123539 0.04600228571428572 23625
1763366242120 0.044002285714285716 24500
1763366361099 0.042002285714285714 25375
1763366479864 0.04000228571428571 26250
1763366598564 0.03800228571428572 27125
1763366717301 0.036002285714285716 28000
1763366836145 0.034002285714285714 28875
1763366954924 0.03200228571428572 29750
1763367073843 0.030002285714285717 30625
1763367192467 0.028002285714285716 31500
1763367311247 0.026002285714285717 32375
1763367430105 0.024002285714285716 33250
1763367548823 0.022002285714285714 34125
1763367667825 0.020002285714285716 35000
1763367786607 0.018002285714285717 35875
1763367905590 0.016002285714285715 36750
1763368024459 0.014002285714285715 37625
1763368143322 0.012002285714285715 38500
1763368262240 0.010002285714285715 39375
1763368381082 0.008002285714285715 40250
1763368499895 0.006002285714285714 41125
1763368618658 0.004002285714285714 42000
1763368737458 0.0020022857142857147 42875
1763368856552 2.285714285714286e-06 43750
