1763363034295 0.9774 875
1763363153249 0.7871 1750
1763363271949 0.6834 2625
1763363390773 0.653 3500
1763363509776 0.6978 4375
1763363628465 0.8014 5250
1763363747338 0.909 6125
1763363866032 1.0453 7000
1763363984911 1.1292 7875
1763364103696 1.2235 8750
1763364222644 1.2175 9625
1763364341535 1.3234 10500
1763364460195 1.4055 11375
1763364579113 1.5323 12250
1763364697868 1.6495 13125
1763364816448 1.6584 14000
1763364935236 1.835 14875
1763365053885 1.8727 15750
1763365172809 1.9505 16625
1763365291860 2.0922 17500
1763365410589 2.3471 18375
1763365529382 2.3311 19250
1763365648385 2.5525 20125
1763365767228 2.4903 21000
1763365885985 2.4966 21875
1763366004822 2.6858 22750
1763366123539 2.8875 23625
1763366242120 2.9224 24500
1763366361099 2.9827 25375
1763366479864 3.0419 26250
1763366598564 3.0615 27125
1763366717301 3.2641 28000
1763366836145 3.0298 28875
1763366954924 2.9815 29750
1763367073843 2.8792 30625
1763367192467 2.9418 31500
1763367311247 2.7037 32375
1763367430105 2.6312 33250
1763367548823 2.8225 34125
1763367667825 2.8295 35000
1763367786607 2.7828 35875
1763367905590 2.655 36750
1763368024459 2.5076 37625
1763368143322 2.4156 38500
1763368262240 2.3088 39375
1763368381082 2.1253 40250
1763368499895 1.9998 41125
1763368618658 1.8577 42000
1763368737458 1.749 42875
1763368856552 1.8117 43750
