1763447961450 1.0 657
1763447968705 1.0 657
1763448049437 2.0 1314
1763448056667 2.0 1314
1763448136937 3.0 1971
1763448144188 3.0 1971
1763448224561 4.0 2628
1763448231810 4.0 2628
1763448312140 5.0 3285
1763448319326 5.0 3285
1763448399749 6.0 3942
1763448407028 6.0 3942
1763448487433 7.0 4599
1763448494688 7.0 4599
1763448575048 8.0 5256
1763448582283 8.0 5256
1763448663646 9.0 5913
1763448670958 9.0 5913
1763448752010 10.0 6570
1763448759221 10.0 6570
1763448839597 11.0 7227
1763448846928 11.0 7227
1763448927258 12.0 7884
1763448934463 12.0 7884
1763449014927 13.0 8541
1763449022145 13.0 8541
1763449102457 14.0 9198
1763449109698 14.0 9198
1763449190032 15.0 9855
1763449197263 15.0 9855
1763449277714 16.0 10512
1763449284939 16.0 10512
1763449365383 17.0 11169
1763449372632 17.0 11169
1763449452954 18.0 11826
1763449460191 18.0 11826
1763449540503 19.0 12483
1763449547765 19.0 12483
1763449628175 20.0 13140
1763449635403 20.0 13140
1763449715997 21.0 13797
1763449723239 21.0 13797
1763449803511 22.0 14454
1763449810735 22.0 14454
1763449891140 23.0 15111
1763449898350 23.0 15111
1763449978685 24.0 15768
1763449985913 24.0 15768
1763450066335 25.0 16425
1763450073569 25.0 16425
1763450153920 26.0 17082
1763450161140 26.0 17082
1763450241369 27.0 17739
1763450248620 27.0 17739
1763450329133 28.0 18396
1763450336350 28.0 18396
1763450416637 29.0 19053
1763450423875 29.0 19053
1763450504317 30.0 19710
1763450511545 30.0 19710
1763450591865 31.0 20367
1763450599123 31.0 20367
1763450679429 32.0 21024
1763450686672 32.0 21024
1763450767026 33.0 21681
1763450774230 33.0 21681
1763450854429 34.0 22338
1763450861668 34.0 22338
1763450942093 35.0 22995
1763450949392 35.0 22995
1763451029731 36.0 23652
1763451037025 36.0 23652
1763451117346 37.0 24309
1763451124601 37.0 24309
1763451205039 38.0 24966
1763451212236 38.0 24966
1763451292614 39.0 25623
1763451299842 39.0 25623
1763451380374 40.0 26280
1763451387608 40.0 26280
1763451467952 41.0 26937
1763451475190 41.0 26937
1763451555580 42.0 27594
1763451562785 42.0 27594
1763451643101 43.0 28251
1763451650394 43.0 28251
1763451730754 44.0 28908
1763451737993 44.0 28908
1763451818309 45.0 29565
1763451825528 45.0 29565
1763451905878 46.0 30222
1763451913085 46.0 30222
1763451993518 47.0 30879
1763452000774 47.0 30879
1763452081158 48.0 31536
1763452088533 48.0 31536
1763452168920 49.0 32193
1763452176155 49.0 32193
1763452256551 50.0 32850
1763452263830 50.0 32850
1763452264028 50.0 32850
