1763447961450 19.694862365722656 657
1763448049437 1.410419225692749 1314
1763448136937 12.576855659484863 1971
1763448224561 2.793053150177002 2628
1763448312140 2.2237765789031982 3285
1763448399749 11.418224334716797 3942
1763448487433 28.020118713378906 4599
1763448575048 10.35745620727539 5256
1763448663646 33.363800048828125 5913
1763448752010 3.5210134983062744 6570
1763448839597 10.375815391540527 7227
1763448927258 9.777318000793457 7884
1763449014927 9.745555877685547 8541
1763449102457 8.868417739868164 9198
1763449190032 11.777409553527832 9855
1763449277714 6.6938652992248535 10512
1763449365383 17.12664222717285 11169
1763449452954 23.679859161376953 11826
1763449540503 38.206024169921875 12483
1763449628175 5.605271816253662 13140
1763449715997 33.346214294433594 13797
1763449803511 61.89229202270508 14454
1763449891140 12.505644798278809 15111
1763449978685 26.189931869506836 15768
1763450066335 27.538089752197266 16425
1763450153920 79.34593200683594 17082
1763450241369 38.9250602722168 17739
1763450329133 79.39904022216797 18396
1763450416637 56.4326171875 19053
1763450504317 65.6865463256836 19710
1763450591865 38.96330642700195 20367
1763450679429 44.46552276611328 21024
1763450767026 52.40290832519531 21681
1763450854429 73.89954376220703 22338
1763450942093 58.71860885620117 22995
1763451029731 51.00899124145508 23652
1763451117346 79.114013671875 24309
1763451205039 30.741622924804688 24966
1763451292614 74.30088806152344 25623
1763451380374 25.264577865600586 26280
1763451467952 38.75547409057617 26937
1763451555580 38.21345901489258 27594
1763451643101 34.0467414855957 28251
1763451730754 39.172672271728516 28908
1763451818309 44.31047439575195 29565
1763451905878 72.70343780517578 30222
1763451993518 41.032012939453125 30879
1763452081158 43.6601676940918 31536
1763452168920 22.430997848510742 32193
1763452256551 33.67703628540039 32850
