1763447961450 0.09800304414003044 657
1763448049437 0.09600304414003046 1314
1763448136937 0.09400304414003045 1971
1763448224561 0.09200304414003045 2628
1763448312140 0.09000304414003045 3285
1763448399749 0.08800304414003045 3942
1763448487433 0.08600304414003045 4599
1763448575048 0.08400304414003044 5256
1763448663646 0.08200304414003046 5913
1763448752010 0.08000304414003045 6570
1763448839597 0.07800304414003045 7227
1763448927258 0.07600304414003045 7884
1763449014927 0.07400304414003044 8541
1763449102457 0.07200304414003043 9198
1763449190032 0.07000304414003045 9855
1763449277714 0.06800304414003044 10512
1763449365383 0.06600304414003044 11169
1763449452954 0.06400304414003044 11826
1763449540503 0.06200304414003044 12483
1763449628175 0.06000304414003044 13140
1763449715997 0.05800304414003045 13797
1763449803511 0.05600304414003045 14454
1763449891140 0.054003044140030446 15111
1763449978685 0.052003044140030444 15768
1763450066335 0.05000304414003044 16425
1763450153920 0.04800304414003045 17082
1763450241369 0.046003044140030445 17739
1763450329133 0.044003044140030444 18396
1763450416637 0.04200304414003045 19053
1763450504317 0.04000304414003045 19710
1763450591865 0.038003044140030445 20367
1763450679429 0.036003044140030444 21024
1763450767026 0.03400304414003044 21681
1763450854429 0.03200304414003044 22338
1763450942093 0.030003044140030445 22995
1763451029731 0.028003044140030443 23652
1763451117346 0.02600304414003044 24309
1763451205039 0.024003044140030443 24966
1763451292614 0.022003044140030445 25623
1763451380374 0.020003044140030443 26280
1763451467952 0.01800304414003044 26937
1763451555580 0.016003044140030443 27594
1763451643101 0.014003044140030441 28251
1763451730754 0.012003044140030443 28908
1763451818309 0.010003044140030441 29565
1763451905878 0.008003044140030441 30222
1763451993518 0.006003044140030441 30879
1763452081158 0.004003044140030442 31536
1763452168920 0.0020030441400304415 32193
1763452256551 3.0441400304414002e-06 32850
