1763447961450 0.9168 657
1763448049437 0.8435 1314
1763448136937 0.7759 1971
1763448224561 0.7803 2628
1763448312140 0.863 3285
1763448399749 0.9268 3942
1763448487433 0.9917 4599
1763448575048 1.0765 5256
1763448663646 1.1429 5913
1763448752010 1.2412 6570
1763448839597 1.286 7227
1763448927258 1.3621 7884
1763449014927 1.4044 8541
1763449102457 1.416 9198
1763449190032 1.4578 9855
1763449277714 1.4915 10512
1763449365383 1.5289 11169
1763449452954 1.5454 11826
1763449540503 1.5777 12483
1763449628175 1.6421 13140
1763449715997 1.6465 13797
1763449803511 1.6818 14454
1763449891140 1.6987 15111
1763449978685 1.7129 15768
1763450066335 1.7242 16425
1763450153920 1.7421 17082
1763450241369 1.7047 17739
1763450329133 1.7242 18396
1763450416637 1.7494 19053
1763450504317 1.7295 19710
1763450591865 1.7346 20367
1763450679429 1.7342 21024
1763450767026 1.7125 21681
1763450854429 1.681 22338
1763450942093 1.6722 22995
1763451029731 1.6745 23652
1763451117346 1.6525 24309
1763451205039 1.6136 24966
1763451292614 1.5886 25623
1763451380374 1.5447 26280
1763451467952 1.5169 26937
1763451555580 1.5051 27594
1763451643101 1.4658 28251
1763451730754 1.4664 28908
1763451818309 1.3982 29565
1763451905878 1.3867 30222
1763451993518 1.3482 30879
1763452081158 1.3162 31536
1763452168920 1.2995 32193
1763452256551 1.2984 32850
