1763357000241 1.0 875
1763357008726 1.0 875
1763357118305 2.0 1750
1763357128191 2.0 1750
1763357237137 3.0 2625
1763357247031 3.0 2625
1763357356159 4.0 3500
1763357365991 4.0 3500
1763357475020 5.0 4375
1763357484881 5.0 4375
1763357593452 6.0 5250
1763357603333 6.0 5250
1763357712446 7.0 6125
1763357722245 7.0 6125
1763357831242 8.0 7000
1763357841133 8.0 7000
1763357949870 9.0 7875
1763357959741 9.0 7875
1763358068653 10.0 8750
1763358078496 10.0 8750
1763358187469 11.0 9625
1763358197353 11.0 9625
1763358306147 12.0 10500
1763358316072 12.0 10500
1763358424907 13.0 11375
1763358434726 13.0 11375
1763358543698 14.0 12250
1763358553655 14.0 12250
1763358662550 15.0 13125
1763358672432 15.0 13125
1763358781466 16.0 14000
1763358791341 16.0 14000
1763358900265 17.0 14875
1763358910237 17.0 14875
1763359019049 18.0 15750
1763359028912 18.0 15750
1763359137891 19.0 16625
1763359147762 19.0 16625
1763359256860 20.0 17500
1763359266787 20.0 17500
1763359375542 21.0 18375
1763359385423 21.0 18375
1763359494215 22.0 19250
1763359504060 22.0 19250
1763359613008 23.0 20125
1763359622923 23.0 20125
1763359731637 24.0 21000
1763359741512 24.0 21000
1763359850546 25.0 21875
1763359860444 25.0 21875
1763359969396 26.0 22750
1763359979307 26.0 22750
1763360088247 27.0 23625
1763360098122 27.0 23625
1763360206996 28.0 24500
1763360216970 28.0 24500
1763360325938 29.0 25375
1763360335834 29.0 25375
1763360444645 30.0 26250
1763360454519 30.0 26250
1763360563422 31.0 27125
1763360573264 31.0 27125
1763360682242 32.0 28000
1763360692160 32.0 28000
1763360800860 33.0 28875
1763360810673 33.0 28875
1763360919515 34.0 29750
1763360929463 34.0 29750
1763361039965 35.0 30625
1763361049818 35.0 30625
1763361158651 36.0 31500
1763361168551 36.0 31500
1763361277544 37.0 32375
1763361287351 37.0 32375
1763361396211 38.0 33250
1763361406189 38.0 33250
1763361514952 39.0 34125
1763361524843 39.0 34125
1763361634016 40.0 35000
1763361643867 40.0 35000
1763361752772 41.0 35875
1763361762640 41.0 35875
1763361871530 42.0 36750
1763361881387 42.0 36750
1763361990324 43.0 37625
1763362000169 43.0 37625
1763362109276 44.0 38500
1763362119159 44.0 38500
1763362228132 45.0 39375
1763362238028 45.0 39375
1763362346855 46.0 40250
1763362356737 46.0 40250
1763362465841 47.0 41125
1763362475759 47.0 41125
1763362584718 48.0 42000
1763362594572 48.0 42000
1763362703566 49.0 42875
1763362713394 49.0 42875
1763362822344 50.0 43750
1763362832264 50.0 43750
1763362832454 50.0 43750
