1763357000241 14.424331665039062 875
1763357118305 6.680898666381836 1750
1763357237137 10.068077087402344 2625
1763357356159 12.3654146194458 3500
1763357475020 9.130949974060059 4375
1763357593452 1.7699575424194336 5250
1763357712446 3.028778076171875 6125
1763357831242 1.9928148984909058 7000
1763357949870 4.767294406890869 7875
1763358068653 9.108922958374023 8750
1763358187469 5.935235500335693 9625
1763358306147 2.9877843856811523 10500
1763358424907 8.103828430175781 11375
1763358543698 6.358374118804932 12250
1763358662550 5.920772075653076 13125
1763358781466 12.639349937438965 14000
1763358900265 6.876128673553467 14875
1763359019049 16.087379455566406 15750
1763359137891 19.578943252563477 16625
1763359256860 21.215133666992188 17500
1763359375542 17.57713508605957 18375
1763359494215 11.928272247314453 19250
1763359613008 23.631155014038086 20125
1763359731637 11.10039234161377 21000
1763359850546 26.059907913208008 21875
1763359969396 22.984281539916992 22750
1763360088247 31.59949493408203 23625
1763360206996 31.961286544799805 24500
1763360325938 36.26203918457031 25375
1763360444645 18.86154556274414 26250
1763360563422 20.081727981567383 27125
1763360682242 24.405479431152344 28000
1763360800860 35.35053253173828 28875
1763360919515 24.047687530517578 29750
1763361039965 30.965482711791992 30625
1763361158651 63.64799499511719 31500
1763361277544 24.00191879272461 32375
1763361396211 28.16679573059082 33250
1763361514952 22.732418060302734 34125
1763361634016 18.269807815551758 35000
1763361752772 23.477048873901367 35875
1763361871530 46.49211120605469 36750
1763361990324 36.86808776855469 37625
1763362109276 24.73712730407715 38500
1763362228132 34.63838195800781 39375
1763362346855 13.426822662353516 40250
1763362465841 45.099647521972656 41125
1763362584718 28.270305633544922 42000
1763362703566 23.43876075744629 42875
1763362822344 20.89288902282715 43750
