1763357000241 0.09800228571428572 875
1763357118305 0.09600228571428572 1750
1763357237137 0.09400228571428572 2625
1763357356159 0.09200228571428572 3500
1763357475020 0.09000228571428572 4375
1763357593452 0.08800228571428571 5250
1763357712446 0.08600228571428571 6125
1763357831242 0.08400228571428572 7000
1763357949870 0.08200228571428572 7875
1763358068653 0.08000228571428572 8750
1763358187469 0.07800228571428572 9625
1763358306147 0.07600228571428572 10500
1763358424907 0.07400228571428571 11375
1763358543698 0.07200228571428573 12250
1763358662550 0.07000228571428573 13125
1763358781466 0.06800228571428572 14000
1763358900265 0.06600228571428572 14875
1763359019049 0.06400228571428572 15750
1763359137891 0.06200228571428571 16625
1763359256860 0.06000228571428572 17500
1763359375542 0.05800228571428572 18375
1763359494215 0.05600228571428572 19250
1763359613008 0.05400228571428572 20125
1763359731637 0.052002285714285716 21000
1763359850546 0.050002285714285714 21875
1763359969396 0.04800228571428572 22750
1763360088247 0.04600228571428572 23625
1763360206996 0.044002285714285716 24500
1763360325938 0.042002285714285714 25375
1763360444645 0.04000228571428571 26250
1763360563422 0.03800228571428572 27125
1763360682242 0.036002285714285716 28000
1763360800860 0.034002285714285714 28875
1763360919515 0.03200228571428572 29750
1763361039965 0.030002285714285717 30625
1763361158651 0.028002285714285716 31500
1763361277544 0.026002285714285717 32375
1763361396211 0.024002285714285716 33250
1763361514952 0.022002285714285714 34125
1763361634016 0.020002285714285716 35000
1763361752772 0.018002285714285717 35875
1763361871530 0.016002285714285715 36750
1763361990324 0.014002285714285715 37625
1763362109276 0.012002285714285715 38500
1763362228132 0.010002285714285715 39375
1763362346855 0.008002285714285715 40250
1763362465841 0.006002285714285714 41125
1763362584718 0.004002285714285714 42000
1763362703566 0.0020022857142857147 42875
1763362822344 2.285714285714286e-06 43750
