1763357000241 0.8787 875
1763357118305 0.7415 1750
1763357237137 0.8434 2625
1763357356159 1.0484 3500
1763357475020 1.0827 4375
1763357593452 1.2314 5250
1763357712446 1.3582 6125
1763357831242 1.533 7000
1763357949870 1.6736 7875
1763358068653 1.8172 8750
1763358187469 1.9553 9625
1763358306147 2.0377 10500
1763358424907 2.1741 11375
1763358543698 2.2124 12250
1763358662550 2.3298 13125
1763358781466 2.3927 14000
1763358900265 2.3206 14875
1763359019049 2.3589 15750
1763359137891 2.4271 16625
1763359256860 2.4866 17500
1763359375542 2.4502 18375
1763359494215 2.4754 19250
1763359613008 2.4386 20125
1763359731637 2.4936 21000
1763359850546 2.4839 21875
1763359969396 2.4867 22750
1763360088247 2.4523 23625
1763360206996 2.4782 24500
1763360325938 2.3994 25375
1763360444645 2.357 26250
1763360563422 2.3067 27125
1763360682242 2.2711 28000
1763360800860 2.1997 28875
1763360919515 2.1868 29750
1763361039965 2.0891 30625
1763361158651 2.219 31500
1763361277544 2.034 32375
1763361396211 2.0336 33250
1763361514952 1.9614 34125
1763361634016 1.9197 35000
1763361752772 1.8274 35875
1763361871530 1.8321 36750
1763361990324 1.7879 37625
1763362109276 1.7276 38500
1763362228132 1.6995 39375
1763362346855 1.6986 40250
1763362465841 1.6343 41125
1763362584718 1.5917 42000
1763362703566 1.5677 42875
1763362822344 1.591 43750
