1763292712021 1.0 875
1763292722247 1.0 875
1763292833533 2.0 1750
1763292843803 2.0 1750
1763292954854 3.0 2625
1763292965101 3.0 2625
1763293076238 4.0 3500
1763293086491 4.0 3500
1763293198003 5.0 4375
1763293208233 5.0 4375
1763293319366 6.0 5250
1763293329575 6.0 5250
1763293440903 7.0 6125
1763293451092 7.0 6125
1763293562324 8.0 7000
1763293572557 8.0 7000
1763293683629 9.0 7875
1763293693887 9.0 7875
1763293805472 10.0 8750
1763293815692 10.0 8750
1763293926878 11.0 9625
1763293937125 11.0 9625
1763294048524 12.0 10500
1763294058789 12.0 10500
1763294170062 13.0 11375
1763294180306 13.0 11375
1763294291610 14.0 12250
1763294301781 14.0 12250
1763294412965 15.0 13125
1763294423247 15.0 13125
1763294534427 16.0 14000
1763294544649 16.0 14000
1763294655940 17.0 14875
1763294666239 17.0 14875
1763294777383 18.0 15750
1763294787624 18.0 15750
1763294898792 19.0 16625
1763294909017 19.0 16625
1763295020577 20.0 17500
1763295030818 20.0 17500
1763295141929 21.0 18375
1763295152143 21.0 18375
1763295263391 22.0 19250
1763295273665 22.0 19250
1763295384928 23.0 20125
1763295395129 23.0 20125
1763295506290 24.0 21000
1763295516520 24.0 21000
1763295627912 25.0 21875
1763295638108 25.0 21875
1763295749371 26.0 22750
1763295759624 26.0 22750
1763295870934 27.0 23625
1763295881198 27.0 23625
1763295992474 28.0 24500
1763296002646 28.0 24500
1763296114255 29.0 25375
1763296124536 29.0 25375
1763296235975 30.0 26250
1763296246218 30.0 26250
1763296357535 31.0 27125
1763296367790 31.0 27125
1763296479185 32.0 28000
1763296489492 32.0 28000
1763296600786 33.0 28875
1763296611072 33.0 28875
1763296722469 34.0 29750
1763296732655 34.0 29750
1763296843939 35.0 30625
1763296854198 35.0 30625
1763296965516 36.0 31500
1763296975775 36.0 31500
1763297087294 37.0 32375
1763297097506 37.0 32375
1763297208581 38.0 33250
1763297218825 38.0 33250
1763297330248 39.0 34125
1763297340542 39.0 34125
1763297451941 40.0 35000
1763297462180 40.0 35000
1763297573399 41.0 35875
1763297583639 41.0 35875
1763297695057 42.0 36750
1763297705315 42.0 36750
1763297816605 43.0 37625
1763297826860 43.0 37625
1763297938099 44.0 38500
1763297948578 44.0 38500
1763298059919 45.0 39375
1763298070197 45.0 39375
1763298181418 46.0 40250
1763298191659 46.0 40250
1763298302821 47.0 41125
1763298313054 47.0 41125
1763298424216 48.0 42000
1763298434503 48.0 42000
1763298546052 49.0 42875
1763298556264 49.0 42875
1763298667735 50.0 43750
1763298677971 50.0 43750
1763298678165 50.0 43750
