1763292712021 17.66645622253418 875
1763292833533 9.423648834228516 1750
1763292954854 7.667868614196777 2625
1763293076238 6.252388000488281 3500
1763293198003 5.381295680999756 4375
1763293319366 5.743505477905273 5250
1763293440903 10.20805835723877 6125
1763293562324 2.4804646968841553 7000
1763293683629 3.9834914207458496 7875
1763293805472 1.9290987253189087 8750
1763293926878 3.946260929107666 9625
1763294048524 17.575864791870117 10500
1763294170062 3.9373459815979004 11375
1763294291610 3.5892574787139893 12250
1763294412965 2.6888179779052734 13125
1763294534427 6.103766441345215 14000
1763294655940 5.232950687408447 14875
1763294777383 6.1068854331970215 15750
1763294898792 4.663332462310791 16625
1763295020577 9.393985748291016 17500
1763295141929 19.791030883789062 18375
1763295263391 8.058087348937988 19250
1763295384928 10.3165922164917 20125
1763295506290 23.47362518310547 21000
1763295627912 18.95924186706543 21875
1763295749371 12.921807289123535 22750
1763295870934 11.261175155639648 23625
1763295992474 22.317386627197266 24500
1763296114255 10.346495628356934 25375
1763296235975 12.968400001525879 26250
1763296357535 18.744285583496094 27125
1763296479185 27.055326461791992 28000
1763296600786 21.260234832763672 28875
1763296722469 17.94576072692871 29750
1763296843939 31.669523239135742 30625
1763296965516 31.53204917907715 31500
1763297087294 14.636033058166504 32375
1763297208581 17.592599868774414 33250
1763297330248 11.487369537353516 34125
1763297451941 16.48707389831543 35000
1763297573399 10.428030014038086 35875
1763297695057 21.44486427307129 36750
1763297816605 11.428104400634766 37625
1763297938099 25.11604881286621 38500
1763298059919 47.575557708740234 39375
1763298181418 10.048768043518066 40250
1763298302821 12.423973083496094 41125
1763298424216 11.256135940551758 42000
1763298546052 11.41401195526123 42875
1763298667735 10.64247989654541 43750
