1763292712021 0.09800228571428572 875
1763292833533 0.09600228571428572 1750
1763292954854 0.09400228571428572 2625
1763293076238 0.09200228571428572 3500
1763293198003 0.09000228571428572 4375
1763293319366 0.08800228571428571 5250
1763293440903 0.08600228571428571 6125
1763293562324 0.08400228571428572 7000
1763293683629 0.08200228571428572 7875
1763293805472 0.08000228571428572 8750
1763293926878 0.07800228571428572 9625
1763294048524 0.07600228571428572 10500
1763294170062 0.07400228571428571 11375
1763294291610 0.07200228571428573 12250
1763294412965 0.07000228571428573 13125
1763294534427 0.06800228571428572 14000
1763294655940 0.06600228571428572 14875
1763294777383 0.06400228571428572 15750
1763294898792 0.06200228571428571 16625
1763295020577 0.06000228571428572 17500
1763295141929 0.05800228571428572 18375
1763295263391 0.05600228571428572 19250
1763295384928 0.05400228571428572 20125
1763295506290 0.052002285714285716 21000
1763295627912 0.050002285714285714 21875
1763295749371 0.04800228571428572 22750
1763295870934 0.04600228571428572 23625
1763295992474 0.044002285714285716 24500
1763296114255 0.042002285714285714 25375
1763296235975 0.04000228571428571 26250
1763296357535 0.03800228571428572 27125
1763296479185 0.036002285714285716 28000
1763296600786 0.034002285714285714 28875
1763296722469 0.03200228571428572 29750
1763296843939 0.030002285714285717 30625
1763296965516 0.028002285714285716 31500
1763297087294 0.026002285714285717 32375
1763297208581 0.024002285714285716 33250
1763297330248 0.022002285714285714 34125
1763297451941 0.020002285714285716 35000
1763297573399 0.018002285714285717 35875
1763297695057 0.016002285714285715 36750
1763297816605 0.014002285714285715 37625
1763297938099 0.012002285714285715 38500
1763298059919 0.010002285714285715 39375
1763298181418 0.008002285714285715 40250
1763298302821 0.006002285714285714 41125
1763298424216 0.004002285714285714 42000
1763298546052 0.0020022857142857147 42875
1763298667735 2.285714285714286e-06 43750
