1763292712021 0.9342 875
1763292833533 0.6866 1750
1763292954854 0.5508 2625
1763293076238 0.5415 3500
1763293198003 0.6544 4375
1763293319366 0.6627 5250
1763293440903 0.6462 6125
1763293562324 0.6552 7000
1763293683629 0.6585 7875
1763293805472 0.6548 8750
1763293926878 0.658 9625
1763294048524 0.6593 10500
1763294170062 0.659 11375
1763294291610 0.6692 12250
1763294412965 0.6727 13125
1763294534427 0.6819 14000
1763294655940 0.6895 14875
1763294777383 0.7014 15750
1763294898792 0.7147 16625
1763295020577 0.7319 17500
1763295141929 0.7464 18375
1763295263391 0.7563 19250
1763295384928 0.7747 20125
1763295506290 0.7792 21000
1763295627912 0.7937 21875
1763295749371 0.8051 22750
1763295870934 0.8047 23625
1763295992474 0.8183 24500
1763296114255 0.8191 25375
1763296235975 0.8202 26250
1763296357535 0.821 27125
1763296479185 0.8091 28000
1763296600786 0.8053 28875
1763296722469 0.7956 29750
1763296843939 0.7837 30625
1763296965516 0.7646 31500
1763297087294 0.7516 32375
1763297208581 0.7374 33250
1763297330248 0.7152 34125
1763297451941 0.7012 35000
1763297573399 0.6771 35875
1763297695057 0.6616 36750
1763297816605 0.6473 37625
1763297938099 0.6306 38500
1763298059919 0.6191 39375
1763298181418 0.6051 40250
1763298302821 0.5972 41125
1763298424216 0.5883 42000
1763298546052 0.5785 42875
1763298667735 0.577 43750
