1763320173611 1.0 875
1763320182385 1.0 875
1763320284580 2.0 1750
1763320293522 2.0 1750
1763320396060 3.0 2625
1763320404898 3.0 2625
1763320506607 4.0 3500
1763320515573 4.0 3500
1763320617317 5.0 4375
1763320626131 5.0 4375
1763320726136 6.0 5250
1763320734797 6.0 5250
1763320833625 7.0 6125
1763320841797 7.0 6125
1763320940159 8.0 7000
1763320948797 8.0 7000
1763321047618 9.0 7875
1763321056076 9.0 7875
1763321153821 10.0 8750
1763321162247 10.0 8750
1763321260280 11.0 9625
1763321268729 11.0 9625
1763321366357 12.0 10500
1763321374830 12.0 10500
1763321472559 13.0 11375
1763321480961 13.0 11375
1763321578832 14.0 12250
1763321587297 14.0 12250
1763321684845 15.0 13125
1763321693284 15.0 13125
1763321791200 16.0 14000
1763321799657 16.0 14000
1763321897480 17.0 14875
1763321905936 17.0 14875
1763322003427 18.0 15750
1763322011922 18.0 15750
1763322109674 19.0 16625
1763322118044 19.0 16625
1763322215718 20.0 17500
1763322224169 20.0 17500
1763322321871 21.0 18375
1763322330287 21.0 18375
1763322428079 22.0 19250
1763322436616 22.0 19250
1763322534285 23.0 20125
1763322542779 23.0 20125
1763322640566 24.0 21000
1763322649098 24.0 21000
1763322747111 25.0 21875
1763322755611 25.0 21875
1763322853509 26.0 22750
1763322861980 26.0 22750
1763322959696 27.0 23625
1763322968167 27.0 23625
1763323066006 28.0 24500
1763323074455 28.0 24500
1763323172416 29.0 25375
1763323180866 29.0 25375
1763323278662 30.0 26250
1763323287184 30.0 26250
1763323384911 31.0 27125
1763323393520 31.0 27125
1763323491503 32.0 28000
1763323499740 32.0 28000
1763323606980 33.0 28875
1763323616261 33.0 28875
1763323723154 34.0 29750
1763323732290 34.0 29750
1763323839450 35.0 30625
1763323848831 35.0 30625
1763323956317 36.0 31500
1763323965244 36.0 31500
1763324071388 37.0 32375
1763324080256 37.0 32375
1763324182485 38.0 33250
1763324191425 38.0 33250
1763324294611 39.0 34125
1763324303297 39.0 34125
1763324407438 40.0 35000
1763324416373 40.0 35000
1763324520331 41.0 35875
1763324529397 41.0 35875
1763324633103 42.0 36750
1763324641807 42.0 36750
1763324746237 43.0 37625
1763324756041 43.0 37625
1763324865446 44.0 38500
1763324875446 44.0 38500
