1763320173611 8.975643157958984 875
1763320284580 5.447296619415283 1750
1763320396060 4.618879795074463 2625
1763320506607 12.993597030639648 3500
1763320617317 16.16502571105957 4375
1763320726136 1.4910529851913452 5250
1763320833625 1.2107452154159546 6125
1763320940159 2.188001871109009 7000
1763321047618 1.6174589395523071 7875
1763321153821 2.549588680267334 8750
1763321260280 2.8775672912597656 9625
1763321366357 5.840828895568848 10500
1763321472559 11.179694175720215 11375
1763321578832 3.2566683292388916 12250
1763321684845 3.4025633335113525 13125
1763321791200 19.644359588623047 14000
1763321897480 8.888731002807617 14875
1763322003427 11.832098960876465 15750
1763322109674 15.895622253417969 16625
1763322215718 7.306282043457031 17500
1763322321871 8.100441932678223 18375
1763322428079 9.027467727661133 19250
1763322534285 24.9988956451416 20125
1763322640566 15.098785400390625 21000
1763322747111 27.94285774230957 21875
1763322853509 12.253901481628418 22750
1763322959696 33.33883285522461 23625
1763323066006 23.526472091674805 24500
1763323172416 29.390560150146484 25375
1763323278662 14.967486381530762 26250
1763323384911 23.411136627197266 27125
1763323491503 34.325401306152344 28000
1763323606980 22.327709197998047 28875
1763323723154 27.28583526611328 29750
1763323839450 27.281293869018555 30625
1763323956317 15.45414924621582 31500
1763324071388 38.77347946166992 32375
1763324182485 18.967914581298828 33250
1763324294611 18.94408416748047 34125
1763324407438 17.644533157348633 35000
1763324520331 30.42776107788086 35875
1763324633103 34.86552047729492 36750
1763324746237 42.13163757324219 37625
1763324865446 21.656700134277344 38500
