1763320173611 0.09800228571428572 875
1763320284580 0.09600228571428572 1750
1763320396060 0.09400228571428572 2625
1763320506607 0.09200228571428572 3500
1763320617317 0.09000228571428572 4375
1763320726136 0.08800228571428571 5250
1763320833625 0.08600228571428571 6125
1763320940159 0.08400228571428572 7000
1763321047618 0.08200228571428572 7875
1763321153821 0.08000228571428572 8750
1763321260280 0.07800228571428572 9625
1763321366357 0.07600228571428572 10500
1763321472559 0.07400228571428571 11375
1763321578832 0.07200228571428573 12250
1763321684845 0.07000228571428573 13125
1763321791200 0.06800228571428572 14000
1763321897480 0.06600228571428572 14875
1763322003427 0.06400228571428572 15750
1763322109674 0.06200228571428571 16625
1763322215718 0.06000228571428572 17500
1763322321871 0.05800228571428572 18375
1763322428079 0.05600228571428572 19250
1763322534285 0.05400228571428572 20125
1763322640566 0.052002285714285716 21000
1763322747111 0.050002285714285714 21875
1763322853509 0.04800228571428572 22750
1763322959696 0.04600228571428572 23625
1763323066006 0.044002285714285716 24500
1763323172416 0.042002285714285714 25375
1763323278662 0.04000228571428571 26250
1763323384911 0.03800228571428572 27125
1763323491503 0.036002285714285716 28000
1763323606980 0.034002285714285714 28875
1763323723154 0.03200228571428572 29750
1763323839450 0.030002285714285717 30625
1763323956317 0.028002285714285716 31500
1763324071388 0.026002285714285717 32375
1763324182485 0.024002285714285716 33250
1763324294611 0.022002285714285714 34125
1763324407438 0.020002285714285716 35000
1763324520331 0.018002285714285717 35875
1763324633103 0.016002285714285715 36750
1763324746237 0.014002285714285715 37625
1763324865446 0.012002285714285715 38500
