1763320173611 0.6874 875
1763320284580 0.5416 1750
1763320396060 0.5082 2625
1763320506607 0.4704 3500
1763320617317 0.4545 4375
1763320726136 0.4703 5250
1763320833625 0.4846 6125
1763320940159 0.4895 7000
1763321047618 0.5027 7875
1763321153821 0.5076 8750
1763321260280 0.5447 9625
1763321366357 0.6135 10500
1763321472559 0.6513 11375
1763321578832 0.6651 12250
1763321684845 0.6803 13125
1763321791200 0.7071 14000
1763321897480 0.7293 14875
1763322003427 0.7491 15750
1763322109674 0.7864 16625
1763322215718 0.8066 17500
1763322321871 0.8252 18375
1763322428079 0.8495 19250
1763322534285 0.887 20125
1763322640566 0.8936 21000
1763322747111 0.918 21875
1763322853509 0.9134 22750
1763322959696 0.9389 23625
1763323066006 0.9617 24500
1763323172416 0.9314 25375
1763323278662 0.9631 26250
1763323384911 0.9488 27125
1763323491503 0.9642 28000
1763323606980 0.9101 28875
1763323723154 0.8992 29750
1763323839450 0.8974 30625
1763323956317 0.8777 31500
1763324071388 0.858 32375
1763324182485 0.8385 33250
1763324294611 0.8046 34125
1763324407438 0.7862 35000
1763324520331 0.7525 35875
1763324633103 0.7287 36750
1763324746237 0.728 37625
1763324865446 0.6714 38500
