1763443501516 1.0 657
1763443508323 1.0 657
1763443586758 2.0 1314
1763443593478 2.0 1314
1763443671869 3.0 1971
1763443678676 3.0 1971
1763443756834 4.0 2628
1763443763630 4.0 2628
1763443847048 5.0 3285
1763443855402 5.0 3285
1763443944587 6.0 3942
1763443952444 6.0 3942
1763444041583 7.0 4599
1763444049433 7.0 4599
1763444138163 8.0 5256
1763444146071 8.0 5256
1763444234946 9.0 5913
1763444241547 9.0 5913
1763444320057 10.0 6570
1763444326779 10.0 6570
1763444404939 11.0 7227
1763444411722 11.0 7227
1763444492476 12.0 7884
1763444499699 12.0 7884
1763444580340 13.0 8541
1763444587575 13.0 8541
1763444668369 14.0 9198
1763444675615 14.0 9198
1763444756374 15.0 9855
1763444763614 15.0 9855
1763444844264 16.0 10512
1763444851485 16.0 10512
1763444932252 17.0 11169
1763444939598 17.0 11169
1763445020115 18.0 11826
1763445027490 18.0 11826
1763445108063 19.0 12483
1763445115277 19.0 12483
1763445195860 20.0 13140
1763445203088 20.0 13140
1763445283687 21.0 13797
1763445290935 21.0 13797
1763445371563 22.0 14454
1763445378825 22.0 14454
1763445459265 23.0 15111
1763445466611 23.0 15111
1763445547335 24.0 15768
1763445554568 24.0 15768
1763445635235 25.0 16425
1763445642487 25.0 16425
1763445723059 26.0 17082
1763445730342 26.0 17082
1763445811035 27.0 17739
1763445818278 27.0 17739
1763445898896 28.0 18396
1763445906173 28.0 18396
1763445986808 29.0 19053
1763445994054 29.0 19053
1763446074592 30.0 19710
1763446081842 30.0 19710
1763446162441 31.0 20367
1763446169687 31.0 20367
1763446250222 32.0 21024
1763446257488 32.0 21024
1763446337845 33.0 21681
1763446345068 33.0 21681
1763446425404 34.0 22338
1763446432654 34.0 22338
1763446513013 35.0 22995
1763446520254 35.0 22995
1763446600832 36.0 23652
1763446608142 36.0 23652
1763446688517 37.0 24309
1763446695785 37.0 24309
1763446776142 38.0 24966
1763446783433 38.0 24966
1763446864099 39.0 25623
1763446871342 39.0 25623
1763446951742 40.0 26280
1763446958969 40.0 26280
1763447039287 41.0 26937
1763447046492 41.0 26937
1763447126846 42.0 27594
1763447134121 42.0 27594
1763447214499 43.0 28251
1763447221748 43.0 28251
1763447302232 44.0 28908
1763447309450 44.0 28908
1763447389950 45.0 29565
1763447397181 45.0 29565
1763447477755 46.0 30222
1763447484961 46.0 30222
1763447565301 47.0 30879
1763447572530 47.0 30879
1763447652920 48.0 31536
1763447660166 48.0 31536
1763447740498 49.0 32193
1763447747869 49.0 32193
1763447828199 50.0 32850
1763447835550 50.0 32850
1763447835721 50.0 32850
