1763443501516 19.947044372558594 657
1763443586758 28.67967414855957 1314
1763443671869 4.218163967132568 1971
1763443756834 3.9539992809295654 2628
1763443847048 28.953153610229492 3285
1763443944587 32.775577545166016 3942
1763444041583 4.42567777633667 4599
1763444138163 4.073666095733643 5256
1763444234946 28.447765350341797 5913
1763444320057 6.821869850158691 6570
1763444404939 5.919790744781494 7227
1763444492476 7.90893030166626 7884
1763444580340 12.674999237060547 8541
1763444668369 5.156355857849121 9198
1763444756374 13.37940502166748 9855
1763444844264 19.050626754760742 10512
1763444932252 6.652937889099121 11169
1763445020115 22.68073272705078 11826
1763445108063 29.513826370239258 12483
1763445195860 31.19263458251953 13140
1763445283687 32.87486267089844 13797
1763445371563 25.071901321411133 14454
1763445459265 79.94464874267578 15111
1763445547335 30.150880813598633 15768
1763445635235 62.89889144897461 16425
1763445723059 27.83687400817871 17082
1763445811035 41.888145446777344 17739
1763445898896 47.506263732910156 18396
1763445986808 25.600692749023438 19053
1763446074592 94.55230712890625 19710
1763446162441 25.252281188964844 20367
1763446250222 31.61474609375 21024
1763446337845 42.600154876708984 21681
1763446425404 73.74606323242188 22338
1763446513013 20.587324142456055 22995
1763446600832 54.617576599121094 23652
1763446688517 31.067628860473633 24309
1763446776142 59.044097900390625 24966
1763446864099 70.79643249511719 25623
1763446951742 53.138694763183594 26280
1763447039287 42.65468215942383 26937
1763447126846 35.94719314575195 27594
1763447214499 16.842552185058594 28251
1763447302232 31.30521011352539 28908
1763447389950 39.972496032714844 29565
1763447477755 30.32158660888672 30222
1763447565301 29.60257339477539 30879
1763447652920 58.73964309692383 31536
1763447740498 29.932756423950195 32193
1763447828199 28.329998016357422 32850
