1763443501516 0.09800304414003044 657
1763443586758 0.09600304414003046 1314
1763443671869 0.09400304414003045 1971
1763443756834 0.09200304414003045 2628
1763443847048 0.09000304414003045 3285
1763443944587 0.08800304414003045 3942
1763444041583 0.08600304414003045 4599
1763444138163 0.08400304414003044 5256
1763444234946 0.08200304414003046 5913
1763444320057 0.08000304414003045 6570
1763444404939 0.07800304414003045 7227
1763444492476 0.07600304414003045 7884
1763444580340 0.07400304414003044 8541
1763444668369 0.07200304414003043 9198
1763444756374 0.07000304414003045 9855
1763444844264 0.06800304414003044 10512
1763444932252 0.06600304414003044 11169
1763445020115 0.06400304414003044 11826
1763445108063 0.06200304414003044 12483
1763445195860 0.06000304414003044 13140
1763445283687 0.05800304414003045 13797
1763445371563 0.05600304414003045 14454
1763445459265 0.054003044140030446 15111
1763445547335 0.052003044140030444 15768
1763445635235 0.05000304414003044 16425
1763445723059 0.04800304414003045 17082
1763445811035 0.046003044140030445 17739
1763445898896 0.044003044140030444 18396
1763445986808 0.04200304414003045 19053
1763446074592 0.04000304414003045 19710
1763446162441 0.038003044140030445 20367
1763446250222 0.036003044140030444 21024
1763446337845 0.03400304414003044 21681
1763446425404 0.03200304414003044 22338
1763446513013 0.030003044140030445 22995
1763446600832 0.028003044140030443 23652
1763446688517 0.02600304414003044 24309
1763446776142 0.024003044140030443 24966
1763446864099 0.022003044140030445 25623
1763446951742 0.020003044140030443 26280
1763447039287 0.01800304414003044 26937
1763447126846 0.016003044140030443 27594
1763447214499 0.014003044140030441 28251
1763447302232 0.012003044140030443 28908
1763447389950 0.010003044140030441 29565
1763447477755 0.008003044140030441 30222
1763447565301 0.006003044140030441 30879
1763447652920 0.004003044140030442 31536
1763447740498 0.0020030441400304415 32193
1763447828199 3.0441400304414002e-06 32850
