1763443501516 0.9928 657
1763443586758 1.1007 1314
1763443671869 1.1225 1971
1763443756834 1.3043 2628
1763443847048 1.3686 3285
1763443944587 1.6232 3942
1763444041583 1.89 4599
1763444138163 2.2495 5256
1763444234946 2.5121 5913
1763444320057 2.9002 6570
1763444404939 3.321 7227
1763444492476 3.674 7884
1763444580340 3.8678 8541
1763444668369 3.9486 9198
1763444756374 4.1848 9855
1763444844264 4.4867 10512
1763444932252 4.7626 11169
1763445020115 5.0078 11826
1763445108063 5.4062 12483
1763445195860 5.7331 13140
1763445283687 5.8998 13797
1763445371563 6.1066 14454
1763445459265 6.1882 15111
1763445547335 6.1933 15768
1763445635235 6.2783 16425
1763445723059 6.6103 17082
1763445811035 6.6268 17739
1763445898896 6.4116 18396
1763445986808 7.0326 19053
1763446074592 7.3217 19710
1763446162441 7.4855 20367
1763446250222 7.4967 21024
1763446337845 7.6733 21681
1763446425404 7.6922 22338
1763446513013 7.8486 22995
1763446600832 7.865 23652
1763446688517 7.7684 24309
1763446776142 7.9224 24966
1763446864099 7.8932 25623
1763446951742 7.7381 26280
1763447039287 7.9194 26937
1763447126846 7.7813 27594
1763447214499 7.7156 28251
1763447302232 7.6006 28908
1763447389950 7.3096 29565
1763447477755 7.2013 30222
1763447565301 7.0038 30879
1763447652920 6.7381 31536
1763447740498 6.4714 32193
1763447828199 6.3869 32850
