1763334530144 1.0 875
1763334539208 1.0 875
1763334645508 2.0 1750
1763334654648 2.0 1750
1763334760909 3.0 2625
1763334769970 3.0 2625
1763334876520 4.0 3500
1763334885442 4.0 3500
1763334991683 5.0 4375
1763335000722 5.0 4375
1763335106837 6.0 5250
1763335115876 6.0 5250
1763335222415 7.0 6125
1763335231406 7.0 6125
1763335337020 8.0 7000
1763335346038 8.0 7000
1763335452364 9.0 7875
1763335461407 9.0 7875
1763335570037 10.0 8750
1763335579782 10.0 8750
1763335688106 11.0 9625
1763335697588 11.0 9625
1763335809580 12.0 10500
1763335818647 12.0 10500
1763335925959 13.0 11375
1763335935141 13.0 11375
1763336043856 14.0 12250
1763336052959 14.0 12250
1763336160671 15.0 13125
1763336169750 15.0 13125
1763336277255 16.0 14000
1763336286374 16.0 14000
1763336393030 17.0 14875
1763336402183 17.0 14875
1763336510598 18.0 15750
1763336520463 18.0 15750
1763336635599 19.0 16625
1763336648150 19.0 16625
1763336769402 20.0 17500
1763336778857 20.0 17500
1763336889231 21.0 18375
1763336899069 21.0 18375
1763337009470 22.0 19250
1763337019005 22.0 19250
1763337128175 23.0 20125
1763337137914 23.0 20125
1763337247080 24.0 21000
1763337256437 24.0 21000
1763337365968 25.0 21875
1763337375465 25.0 21875
1763337484491 26.0 22750
1763337494025 26.0 22750
1763337602902 27.0 23625
1763337612320 27.0 23625
1763337722490 28.0 24500
1763337732357 28.0 24500
1763337844122 29.0 25375
1763337854014 29.0 25375
1763337968127 30.0 26250
1763337978456 30.0 26250
1763338096969 31.0 27125
1763338107138 31.0 27125
1763338220618 32.0 28000
1763338230237 32.0 28000
1763338338504 33.0 28875
1763338347574 33.0 28875
1763338455940 34.0 29750
1763338465254 34.0 29750
1763338575269 35.0 30625
1763338584780 35.0 30625
1763338693137 36.0 31500
1763338701921 36.0 31500
1763338809487 37.0 32375
1763338818150 37.0 32375
1763338922253 38.0 33250
1763338930827 38.0 33250
1763339060951 39.0 34125
1763339069797 39.0 34125
1763339175918 40.0 35000
1763339184766 40.0 35000
1763339290117 41.0 35875
1763339298969 41.0 35875
1763339404373 42.0 36750
1763339413146 42.0 36750
1763339520060 43.0 37625
1763339529245 43.0 37625
1763339633952 44.0 38500
1763339643049 44.0 38500
1763339747045 45.0 39375
1763339756104 45.0 39375
1763339860522 46.0 40250
1763339869508 46.0 40250
1763339973551 47.0 41125
1763339982706 47.0 41125
1763340086965 48.0 42000
1763340096019 48.0 42000
1763340204028 49.0 42875
1763340213495 49.0 42875
1763340322781 50.0 43750
1763340332342 50.0 43750
1763340332470 50.0 43750
