1763334530144 9.89207935333252 875
1763334645508 4.240233898162842 1750
1763334760909 5.4078450202941895 2625
1763334876520 8.283234596252441 3500
1763334991683 1.4989780187606812 4375
1763335106837 1.395442008972168 5250
1763335222415 2.305415153503418 6125
1763335337020 2.3940911293029785 7000
1763335452364 4.588281631469727 7875
1763335570037 5.979040145874023 8750
1763335688106 11.472455978393555 9625
1763335809580 7.146557331085205 10500
1763335925959 4.592473983764648 11375
1763336043856 2.6764304637908936 12250
1763336160671 5.857946872711182 13125
1763336277255 5.647889614105225 14000
1763336393030 8.697335243225098 14875
1763336510598 23.702495574951172 15750
1763336635599 15.934264183044434 16625
1763336769402 10.845190048217773 17500
1763336889231 28.311927795410156 18375
1763337009470 19.46211814880371 19250
1763337128175 13.725516319274902 20125
1763337247080 28.920696258544922 21000
1763337365968 46.98638153076172 21875
1763337484491 21.604415893554688 22750
1763337602902 27.554195404052734 23625
1763337722490 43.39126205444336 24500
1763337844122 19.85202407836914 25375
1763337968127 26.36511993408203 26250
1763338096969 29.599916458129883 27125
1763338220618 45.925315856933594 28000
1763338338504 39.88906478881836 28875
1763338455940 29.690433502197266 29750
1763338575269 44.927947998046875 30625
1763338693137 30.580385208129883 31500
1763338809487 40.81438446044922 32375
1763338922253 23.860767364501953 33250
1763339060951 28.949729919433594 34125
1763339175918 15.446738243103027 35000
1763339290117 32.77056884765625 35875
1763339404373 23.61019515991211 36750
1763339520060 26.918838500976562 37625
1763339633952 18.85664939880371 38500
1763339747045 35.345130920410156 39375
1763339860522 30.541606903076172 40250
1763339973551 24.37371253967285 41125
1763340086965 24.140125274658203 42000
1763340204028 14.138792991638184 42875
1763340322781 15.747727394104004 43750
