1763334530144 0.09800228571428572 875
1763334645508 0.09600228571428572 1750
1763334760909 0.09400228571428572 2625
1763334876520 0.09200228571428572 3500
1763334991683 0.09000228571428572 4375
1763335106837 0.08800228571428571 5250
1763335222415 0.08600228571428571 6125
1763335337020 0.08400228571428572 7000
1763335452364 0.08200228571428572 7875
1763335570037 0.08000228571428572 8750
1763335688106 0.07800228571428572 9625
1763335809580 0.07600228571428572 10500
1763335925959 0.07400228571428571 11375
1763336043856 0.07200228571428573 12250
1763336160671 0.07000228571428573 13125
1763336277255 0.06800228571428572 14000
1763336393030 0.06600228571428572 14875
1763336510598 0.06400228571428572 15750
1763336635599 0.06200228571428571 16625
1763336769402 0.06000228571428572 17500
1763336889231 0.05800228571428572 18375
1763337009470 0.05600228571428572 19250
1763337128175 0.05400228571428572 20125
1763337247080 0.052002285714285716 21000
1763337365968 0.050002285714285714 21875
1763337484491 0.04800228571428572 22750
1763337602902 0.04600228571428572 23625
1763337722490 0.044002285714285716 24500
1763337844122 0.042002285714285714 25375
1763337968127 0.04000228571428571 26250
1763338096969 0.03800228571428572 27125
1763338220618 0.036002285714285716 28000
1763338338504 0.034002285714285714 28875
1763338455940 0.03200228571428572 29750
1763338575269 0.030002285714285717 30625
1763338693137 0.028002285714285716 31500
1763338809487 0.026002285714285717 32375
1763338922253 0.024002285714285716 33250
1763339060951 0.022002285714285714 34125
1763339175918 0.020002285714285716 35000
1763339290117 0.018002285714285717 35875
1763339404373 0.016002285714285715 36750
1763339520060 0.014002285714285715 37625
1763339633952 0.012002285714285715 38500
1763339747045 0.010002285714285715 39375
1763339860522 0.008002285714285715 40250
1763339973551 0.006002285714285714 41125
1763340086965 0.004002285714285714 42000
1763340204028 0.0020022857142857147 42875
1763340322781 2.285714285714286e-06 43750
