1763334530144 0.9408 875
1763334645508 0.9216 1750
1763334760909 0.9726 2625
1763334876520 1.0072 3500
1763334991683 1.1261 4375
1763335106837 1.1388 5250
1763335222415 1.2446 6125
1763335337020 1.4541 7000
1763335452364 1.7299 7875
1763335570037 1.9207 8750
1763335688106 1.9937 9625
1763335809580 2.071 10500
1763335925959 1.9822 11375
1763336043856 2.212 12250
1763336160671 2.3159 13125
1763336277255 2.1854 14000
1763336393030 2.3329 14875
1763336510598 2.715 15750
1763336635599 2.8938 16625
1763336769402 3.2362 17500
1763336889231 3.141 18375
1763337009470 3.4254 19250
1763337128175 3.4059 20125
1763337247080 3.3315 21000
1763337365968 3.6342 21875
1763337484491 3.8545 22750
1763337602902 3.7885 23625
1763337722490 4.1537 24500
1763337844122 4.3981 25375
1763337968127 4.0916 26250
1763338096969 4.1539 27125
1763338220618 4.0692 28000
1763338338504 3.9354 28875
1763338455940 4.0483 29750
1763338575269 3.9387 30625
1763338693137 4.1492 31500
1763338809487 4.2054 32375
1763338922253 3.8486 33250
1763339060951 3.8249 34125
1763339175918 3.8965 35000
1763339290117 3.9446 35875
1763339404373 3.9853 36750
1763339520060 3.8878 37625
1763339633952 3.6293 38500
1763339747045 3.5253 39375
1763339860522 3.4208 40250
1763339973551 3.3403 41125
1763340086965 3.1063 42000
1763340204028 2.9289 42875
1763340322781 2.7508 43750
