1763280432784 1.0 875
1763280443084 1.0 875
1763280555299 2.0 1750
1763280565526 2.0 1750
1763280677130 3.0 2625
1763280687350 3.0 2625
1763280798779 4.0 3500
1763280809057 4.0 3500
1763280920412 5.0 4375
1763280930658 5.0 4375
1763281041662 6.0 5250
1763281051865 6.0 5250
1763281162988 7.0 6125
1763281173220 7.0 6125
1763281284381 8.0 7000
1763281294629 8.0 7000
1763281405973 9.0 7875
1763281416285 9.0 7875
1763281527437 10.0 8750
1763281537632 10.0 8750
1763281648751 11.0 9625
1763281659014 11.0 9625
1763281774029 12.0 10500
1763281785050 12.0 10500
1763281906024 13.0 11375
1763281916784 13.0 11375
1763282032911 14.0 12250
1763282043484 14.0 12250
1763282157445 15.0 13125
1763282168073 15.0 13125
1763282279913 16.0 14000
1763282290226 16.0 14000
1763282403807 17.0 14875
1763282414661 17.0 14875
1763282528293 18.0 15750
1763282538543 18.0 15750
1763282649662 19.0 16625
1763282659906 19.0 16625
1763282771037 20.0 17500
1763282781264 20.0 17500
1763282892742 21.0 18375
1763282902946 21.0 18375
1763283014254 22.0 19250
1763283024513 22.0 19250
1763283135574 23.0 20125
1763283145775 23.0 20125
1763283256943 24.0 21000
1763283267164 24.0 21000
1763283378294 25.0 21875
1763283388511 25.0 21875
1763283499625 26.0 22750
1763283509859 26.0 22750
1763283621037 27.0 23625
1763283631268 27.0 23625
1763283742289 28.0 24500
1763283752518 28.0 24500
1763283863769 29.0 25375
1763283874016 29.0 25375
1763283985285 30.0 26250
1763283995542 30.0 26250
1763284106577 31.0 27125
1763284116809 31.0 27125
1763284228142 32.0 28000
1763284238357 32.0 28000
1763284349481 33.0 28875
1763284359702 33.0 28875
1763284470819 34.0 29750
1763284481034 34.0 29750
1763284592050 35.0 30625
1763284602272 35.0 30625
1763284713299 36.0 31500
1763284723557 36.0 31500
1763284834640 37.0 32375
1763284844819 37.0 32375
1763284955887 38.0 33250
1763284966158 38.0 33250
1763285077415 39.0 34125
1763285087660 39.0 34125
1763285198815 40.0 35000
1763285209038 40.0 35000
1763285320135 41.0 35875
1763285330405 41.0 35875
1763285441760 42.0 36750
1763285451968 42.0 36750
1763285562914 43.0 37625
1763285573168 43.0 37625
1763285684825 44.0 38500
1763285695063 44.0 38500
1763285806188 45.0 39375
1763285816430 45.0 39375
1763285927655 46.0 40250
1763285937863 46.0 40250
1763286049112 47.0 41125
1763286059332 47.0 41125
1763286170443 48.0 42000
1763286180706 48.0 42000
1763286291805 49.0 42875
1763286301998 49.0 42875
1763286413002 50.0 43750
1763286423260 50.0 43750
1763286423451 50.0 43750
