1763280432784 13.71490478515625 875
1763280555299 8.45168399810791 1750
1763280677130 5.462617874145508 2625
1763280798779 11.10909652709961 3500
1763280920412 5.276432514190674 4375
1763281041662 2.3613741397857666 5250
1763281162988 5.959950923919678 6125
1763281284381 1.980483055114746 7000
1763281405973 3.5665018558502197 7875
1763281527437 3.6921796798706055 8750
1763281648751 11.665987014770508 9625
1763281774029 12.545660972595215 10500
1763281906024 13.299203872680664 11375
1763282032911 5.379497051239014 12250
1763282157445 5.345228672027588 13125
1763282279913 6.874735355377197 14000
1763282403807 6.229001522064209 14875
1763282528293 12.92211627960205 15750
1763282649662 4.566567420959473 16625
1763282771037 5.530219078063965 17500
1763282892742 18.877552032470703 18375
1763283014254 14.902305603027344 19250
1763283135574 12.767462730407715 20125
1763283256943 9.998908996582031 21000
1763283378294 18.05829620361328 21875
1763283499625 12.807528495788574 22750
1763283621037 17.269620895385742 23625
1763283742289 30.999977111816406 24500
1763283863769 32.32258224487305 25375
1763283985285 49.77839660644531 26250
1763284106577 11.237929344177246 27125
1763284228142 20.678421020507812 28000
1763284349481 33.80602264404297 28875
1763284470819 41.365760803222656 29750
1763284592050 52.11794662475586 30625
1763284713299 21.572599411010742 31500
1763284834640 18.640676498413086 32375
1763284955887 14.679627418518066 33250
1763285077415 23.101421356201172 34125
1763285198815 21.010713577270508 35000
1763285320135 18.686365127563477 35875
1763285441760 29.68891716003418 36750
1763285562914 24.100479125976562 37625
1763285684825 28.515018463134766 38500
1763285806188 48.79902267456055 39375
1763285927655 15.77096176147461 40250
1763286049112 10.52592945098877 41125
1763286170443 11.855602264404297 42000
1763286291805 28.76913833618164 42875
1763286413002 21.58773422241211 43750
