1763280432784 0.09800228571428572 875
1763280555299 0.09600228571428572 1750
1763280677130 0.09400228571428572 2625
1763280798779 0.09200228571428572 3500
1763280920412 0.09000228571428572 4375
1763281041662 0.08800228571428571 5250
1763281162988 0.08600228571428571 6125
1763281284381 0.08400228571428572 7000
1763281405973 0.08200228571428572 7875
1763281527437 0.08000228571428572 8750
1763281648751 0.07800228571428572 9625
1763281774029 0.07600228571428572 10500
1763281906024 0.07400228571428571 11375
1763282032911 0.07200228571428573 12250
1763282157445 0.07000228571428573 13125
1763282279913 0.06800228571428572 14000
1763282403807 0.06600228571428572 14875
1763282528293 0.06400228571428572 15750
1763282649662 0.06200228571428571 16625
1763282771037 0.06000228571428572 17500
1763282892742 0.05800228571428572 18375
1763283014254 0.05600228571428572 19250
1763283135574 0.05400228571428572 20125
1763283256943 0.052002285714285716 21000
1763283378294 0.050002285714285714 21875
1763283499625 0.04800228571428572 22750
1763283621037 0.04600228571428572 23625
1763283742289 0.044002285714285716 24500
1763283863769 0.042002285714285714 25375
1763283985285 0.04000228571428571 26250
1763284106577 0.03800228571428572 27125
1763284228142 0.036002285714285716 28000
1763284349481 0.034002285714285714 28875
1763284470819 0.03200228571428572 29750
1763284592050 0.030002285714285717 30625
1763284713299 0.028002285714285716 31500
1763284834640 0.026002285714285717 32375
1763284955887 0.024002285714285716 33250
1763285077415 0.022002285714285714 34125
1763285198815 0.020002285714285716 35000
1763285320135 0.018002285714285717 35875
1763285441760 0.016002285714285715 36750
1763285562914 0.014002285714285715 37625
1763285684825 0.012002285714285715 38500
1763285806188 0.010002285714285715 39375
1763285927655 0.008002285714285715 40250
1763286049112 0.006002285714285714 41125
1763286170443 0.004002285714285714 42000
1763286291805 0.0020022857142857147 42875
1763286413002 2.285714285714286e-06 43750
