1763280432784 0.9206 875
1763280555299 0.7249 1750
1763280677130 0.6134 2625
1763280798779 0.5393 3500
1763280920412 0.4998 4375
1763281041662 0.5343 5250
1763281162988 0.5756 6125
1763281284381 0.6234 7000
1763281405973 0.6466 7875
1763281527437 0.6589 8750
1763281648751 0.6708 9625
1763281774029 0.663 10500
1763281906024 0.6688 11375
1763282032911 0.6706 12250
1763282157445 0.6834 13125
1763282279913 0.6969 14000
1763282403807 0.7095 14875
1763282528293 0.731 15750
1763282649662 0.7375 16625
1763282771037 0.7629 17500
1763282892742 0.7634 18375
1763283014254 0.7947 19250
1763283135574 0.8215 20125
1763283256943 0.8353 21000
1763283378294 0.8486 21875
1763283499625 0.8543 22750
1763283621037 0.8685 23625
1763283742289 0.8818 24500
1763283863769 0.8826 25375
1763283985285 0.8711 26250
1763284106577 0.8834 27125
1763284228142 0.8827 28000
1763284349481 0.8854 28875
1763284470819 0.8482 29750
1763284592050 0.85 30625
1763284713299 0.8285 31500
1763284834640 0.813 32375
1763284955887 0.7984 33250
1763285077415 0.772 34125
1763285198815 0.7527 35000
1763285320135 0.7354 35875
1763285441760 0.716 36750
1763285562914 0.6914 37625
1763285684825 0.6717 38500
1763285806188 0.6566 39375
1763285927655 0.6281 40250
1763286049112 0.6104 41125
1763286170443 0.6013 42000
1763286291805 0.5922 42875
1763286413002 0.5843 43750
